41 3.41e-05
38 3.59e-05
41 3.84e-05
41 3.74e-05
41 3.83e-05
38 3.71e-05
38 3.74e-05
38 3.69e-05
38 3.67e-05
41 3.68e-05
117 0.0001595
119 0.0001613
118 0.0001598
117 0.0001568
117 0.0001684
120 0.0001584
117 0.0001586
117 0.0001596
118 0.000157
120 0.0001625
91 0.0001681
98 0.0001691
98 0.0002163
91 0.0001667
91 0.000171
91 0.0001707
93 0.0001691
98 0.0001671
91 0.0001644
94 0.0001663
415 0.0012512
405 0.0011784
407 0.0011754
425 0.0012082
425 0.0011919
407 0.0011896
432 0.0012201
409 0.0011741
415 0.0012418
436 0.0012032
417 0.0009214
427 0.0009171
423 0.0009154
427 0.0009111
419 0.0009519
413 0.0009303
419 0.0009587
429 0.0013837
411 0.0009741
427 0.0009265
581 0.0021644
594 0.0021643
586 0.0021491
590 0.0022278
579 0.0021496
583 0.0022345
553 0.0021637
581 0.002166
570 0.0022385
586 0.0021567
4380 0.111924
4219 0.116159
4173 0.11559
4437 0.115474
4447 0.116286
4223 0.11714
4193 0.114425
4274 0.113325
4161 0.113699
4241 0.11601
6491 0.25216
6300 0.251478
6435 0.247058
6331 0.246773
6386 0.248821
6374 0.245732
6349 0.24783
6404 0.243186
6449 0.24165
6434 0.244992
