40 0.0218427
40 0.0220842
43 0.022155
40 0.0222568
40 0.0219868
43 0.0215514
40 0.0225798
43 0.0219594
40 0.0224723
40 0.0215871
134 0.0816502
128 0.0809935
134 0.0798849
128 0.0854185
121 0.0811042
134 0.0805144
128 0.0796759
134 0.0800358
128 0.0804039
134 0.0831632
134 0.108189
123 0.110812
133 0.110561
133 0.109306
115 0.110885
112 0.108465
129 0.110208
119 0.110098
122 0.110661
117 0.109472
545 0.432957
545 0.436952
543 0.439911
518 0.429892
531 0.449255
552 0.445343
556 0.429961
521 0.435967
546 0.436202
558 0.437264
520 0.480675
543 0.497497
537 0.477681
541 0.497002
554 0.481792
542 0.484334
546 0.479683
528 0.478059
527 0.4804
524 0.480427
743 0.794622
720 0.810065
730 0.795986
745 0.794018
752 0.809299
754 0.801409
742 0.801631
717 0.79452
712 0.799737
747 0.802545
8874 11.9554
8874 11.8427
8874 11.8597
8874 11.7628
8874 11.7634
8874 11.7858
8874 11.7702
8874 11.8215
8874 11.781
8874 11.8209
11162 24.0484
11167 23.9792
11127 24.0932
11162 23.7151
11107 23.6986
11121 23.9408
11111 23.9504
11085 23.8642
11162 23.9698
11162 24.4197
