N 500
E 0 1 384.148295
E 0 34 16.673578
E 0 194 41.619718
E 0 422 31.245430
E 0 361 41.780995
E 0 490 32.464130
E 0 427 43.478600
E 0 460 37.142051
E 0 173 29.930085
E 0 463 5.358025
E 0 464 212.954914
E 0 369 42.309380
E 0 188 44.556318
E 0 370 28.230102
E 0 468 256.891385
E 0 85 21.038811
E 0 467 7.315611
E 0 60 16.854914
E 0 318 44.152801
E 0 319 40.813619
E 1 64 11.700044
E 1 35 28.726339
E 1 3 468.765116
E 1 101 21.767434
E 1 131 31.909594
E 1 454 33.557778
E 1 232 33.614886
E 1 472 26.035811
E 1 302 44.494927
E 1 111 38.852841
E 1 246 40.816412
E 1 87 19.881386
E 1 342 25.517567
E 1 441 15.972545
E 1 218 11.971963
E 1 220 66.431574
E 1 349 36.692814
E 1 287 36.810381
E 2 128 32.318816
E 2 321 7.691993
E 2 324 215.375501
E 2 5 105.080224
E 2 362 24.424230
E 2 81 27.743993
E 2 307 26.112055
E 2 283 43.630760
E 3 353 33.471505
E 3 322 13.753336
E 3 7 337.885686
E 3 72 18.681335
E 3 135 25.019755
E 3 112 26.283229
E 3 82 22.841060
E 3 147 22.325357
E 3 341 42.168194
E 3 278 12.565500
E 3 89 36.875207
E 3 282 309.360768
E 3 381 44.240950
E 4 103 41.049688
E 4 9 202.595549
E 4 170 33.265359
E 4 139 41.714348
E 4 430 24.622520
E 4 239 37.364065
E 5 96 18.987954
E 5 195 37.397479
E 5 355 44.160448
E 5 198 27.790303
E 5 391 25.339624
E 5 136 14.305414
E 5 11 173.617352
E 5 142 264.451682
E 5 398 33.090338
E 5 117 37.496117
E 5 184 19.199774
E 5 249 28.754258
E 5 347 18.603482
E 5 124 10.309565
E 5 350 43.602057
E 6 160 34.468155
E 6 129 39.672016
E 6 130 41.213680
E 6 320 30.048232
E 6 164 37.557970
E 6 419 5.515395
E 6 262 36.260892
E 6 167 33.715552
E 6 326 17.500761
E 6 327 32.281019
E 6 426 49.557380
E 6 359 5.827693
E 6 392 34.240526
E 6 13 375.625933
E 6 365 28.889418
E 6 424 24.334829
E 6 208 18.029420
E 6 432 43.535039
E 6 340 24.648979
E 6 344 31.759883
E 6 29 16.746930
E 7 192 10.600185
E 7 65 37.388453
E 7 417 22.498400
E 7 67 33.871940
E 7 450 27.182835
E 7 481 18.842575
E 7 486 40.180753
E 7 200 342.840059
E 7 169 43.606255
E 7 109 21.017996
E 7 15 201.607650
E 7 466 35.148714
E 7 157 15.227107
E 7 187 35.740944
E 7 125 44.403290
E 7 30 38.502192
E 8 288 44.227770
E 8 97 44.085410
E 8 354 17.463724
E 8 384 12.746140
E 8 132 12.481145
E 8 421 42.103831
E 8 168 28.334388
E 8 73 37.292690
E 8 201 27.786070
E 8 203 36.991711
E 8 331 18.180634
E 8 425 41.107200
E 8 492 32.327937
E 8 17 225.493226
E 8 340 199.098945
E 8 284 28.691065
E 8 61 35.592594
E 9 96 38.158816
E 9 226 12.843507
E 9 355 22.418624
E 9 41 35.840832
E 9 489 28.252673
E 9 236 245.058512
E 9 19 405.043662
E 9 217 36.667996
E 9 477 41.812103
E 10 257 23.470883
E 10 229 16.932484
E 10 426 36.360239
E 10 462 34.048566
E 10 21 139.758394
E 10 57 27.692600
E 10 413 22.004719
E 10 414 42.966899
E 11 481 315.873683
E 11 390 22.107340
E 11 393 26.786543
E 11 235 37.914535
E 11 206 14.140382
E 11 84 41.871896
E 11 372 43.798767
E 11 469 5.389170
E 11 23 372.691550
E 11 24 17.785559
E 11 409 28.360215
E 11 156 23.659481
E 11 158 42.903147
E 12 121 37.815008
E 12 390 40.685728
E 12 393 35.173589
E 12 235 12.088639
E 12 108 29.249835
E 12 270 32.671765
E 12 465 28.602712
E 12 371 34.933028
E 12 52 20.765742
E 12 372 38.606156
E 12 248 42.415972
E 12 25 295.861159
E 12 154 19.537196
E 12 286 25.785898
E 13 225 37.311287
E 13 355 32.408568
E 13 452 449.469409
E 13 136 42.410829
E 13 489 33.205696
E 13 339 43.570403
E 13 117 37.183944
E 13 438 9.093404
E 13 184 34.120124
E 13 217 39.359278
E 13 27 240.810696
E 14 480 36.655963
E 14 457 34.168544
E 14 49 18.242723
E 14 50 40.914617
E 14 83 43.357086
E 14 209 33.701357
E 14 21 32.776817
E 14 306 44.290504
E 14 153 28.892054
E 14 379 25.958713
E 14 29 207.050872
E 14 445 42.298598
E 15 448 133.249588
E 15 388 26.188286
E 15 281 17.739142
E 15 297 6.153420
E 15 426 40.799690
E 15 45 18.613029
E 15 494 10.502449
E 15 79 21.022603
E 15 367 15.045396
E 15 400 21.999201
E 15 432 18.576863
E 15 313 341.179359
E 15 251 20.876507
E 15 31 69.130422
E 16 33 267.054497
E 16 34 35.919576
E 16 483 27.876404
E 16 460 38.600126
E 16 173 28.934769
E 16 142 29.857771
E 16 370 25.821052
E 16 276 38.000504
E 16 444 35.474679
E 16 60 44.329150
E 17 35 363.044083
E 17 260 38.476403
E 17 165 30.920804
E 17 422 39.307813
E 17 361 30.142894
E 17 479 26.873967
E 17 427 26.581216
E 17 460 43.632637
E 17 239 42.938100
E 17 433 31.862604
E 17 318 29.452476
E 17 63 36.474297
E 18 288 35.394754
E 18 323 22.362540
E 18 37 278.158012
E 18 73 38.743575
E 18 330 182.297621
E 18 203 32.014449
E 18 364 26.767845
E 18 425 28.473956
E 18 238 31.235589
E 18 335 23.057105
E 18 497 42.939721
E 18 404 35.433124
E 18 436 9.395693
E 18 468 20.040916
E 18 311 18.856552
E 18 120 20.487428
E 18 313 35.433992
E 19 480 31.609514
E 19 68 43.411434
E 19 197 24.359768
E 19 39 366.891591
E 19 423 31.262780
E 19 457 18.477055
E 19 74 28.920323
E 19 175 44.254692
E 19 50 12.164210
E 19 338 26.826898
E 19 216 25.516911
E 19 314 20.388350
E 19 315 34.148261
E 20 133 26.320269
E 20 41 227.821879
E 20 43 19.217244
E 20 76 15.525379
E 20 431 11.106920
E 20 474 34.481986
E 20 381 43.347163
E 21 32 25.902813
E 21 439 34.200950
E 21 291 37.817238
E 21 71 34.192993
E 21 328 270.666403
E 21 265 23.930784
E 21 43 553.481743
E 21 333 32.324141
E 21 496 43.712212
E 21 49 14.846707
E 21 209 22.410292
E 21 306 16.479290
E 21 54 42.090967
E 21 182 32.206305
E 21 475 34.232011
E 21 379 22.553092
E 21 445 31.241118
E 21 62 37.389709
E 21 159 27.713475
E 22 289 26.899119
E 22 386 42.975685
E 22 294 2.650962
E 22 455 13.571740
E 22 137 18.833365
E 22 268 25.175330
E 22 45 490.217096
E 22 46 18.607203
E 22 403 37.806051
E 22 149 28.225880
E 22 150 9.913974
E 22 373 39.897420
E 22 26 44.696078
E 22 28 29.088121
E 22 317 393.191687
E 22 478 422.963017
E 23 227 41.658832
E 23 356 36.761070
E 23 295 24.642915
E 23 47 77.341577
E 23 144 24.403722
E 23 336 18.923074
E 23 245 30.745100
E 23 53 13.547919
E 23 247 21.164971
E 23 437 25.176771
E 23 155 11.116195
E 23 415 19.868272
E 24 376 42.316255
E 24 390 39.891351
E 24 393 26.229243
E 24 206 18.394280
E 24 494 431.551317
E 24 49 358.843208
E 24 84 39.234944
E 24 372 40.347358
E 24 469 16.009245
E 24 248 40.476364
E 24 409 11.097554
E 24 156 37.761978
E 24 190 43.096082
E 25 193 40.334672
E 25 228 13.248002
E 25 37 31.958276
E 25 263 24.439036
E 25 273 17.169749
E 25 178 24.050423
E 25 51 404.638213
E 25 471 32.249346
E 25 473 40.901823
E 25 474 35.356682
E 25 123 16.710402
E 25 254 354.656366
E 26 407 16.919961
E 26 385 26.262934
E 26 386 1.971464
E 26 455 32.534551
E 26 137 26.765763
E 26 398 274.057606
E 26 465 21.991929
E 26 83 269.098802
E 26 371 14.189720
E 26 53 419.330893
E 26 86 35.505251
E 26 150 40.557823
E 26 56 8.345102
E 26 345 34.526387
E 26 154 29.450995
E 26 403 24.534612
E 26 413 442.611643
E 26 286 36.397960
E 27 65 35.293679
E 27 259 33.245089
E 27 424 162.561595
E 27 105 284.592364
E 27 328 17.087207
E 27 140 41.870194
E 27 77 5.524905
E 27 78 33.891389
E 27 366 39.061759
E 27 80 37.956343
E 27 337 19.485717
E 27 396 20.515208
E 27 397 17.606788
E 27 434 33.951647
E 27 466 38.271766
E 27 55 73.408617
E 28 294 30.805664
E 28 455 35.313496
E 28 137 28.774725
E 28 268 14.903991
E 28 46 19.890292
E 28 402 352.423523
E 28 373 13.142971
E 28 150 20.468314
E 28 407 40.826039
E 28 57 398.508013
E 29 129 24.975791
E 29 130 32.120618
E 29 262 29.609271
E 29 392 42.520860
E 29 406 33.823875
E 29 31 35.423665
E 29 419 11.326275
E 29 167 43.588886
E 29 424 28.222215
E 29 432 32.917735
E 29 59 177.633760
E 29 320 37.484512
E 29 449 281.488236
E 29 326 7.212498
E 29 327 39.694015
E 29 79 41.970082
E 29 208 30.142422
E 29 340 30.497470
E 29 344 19.123197
E 29 478 38.647883
E 29 356 170.783256
E 29 359 15.675057
E 29 365 24.110415
E 29 367 36.045183
E 30 481 28.161578
E 30 450 26.198652
E 30 67 22.311302
E 30 260 25.619234
E 30 171 33.706771
E 30 433 44.414004
E 30 61 221.979406
E 30 157 32.146306
E 30 125 29.582172
E 30 63 40.080633
E 31 320 43.817561
E 31 129 13.962985
E 31 162 168.163432
E 31 130 8.975085
E 31 344 16.304379
E 31 389 37.333697
E 31 262 15.744001
E 31 326 41.876474
E 31 359 42.261030
E 31 419 43.513989
E 31 395 38.563002
E 31 204 40.957682
E 31 365 21.801593
E 31 213 35.911370
E 31 406 10.207111
E 31 119 41.721644
E 31 376 328.372691
E 31 219 34.911356
E 31 478 12.926418
E 31 63 188.575034
E 32 65 305.890791
E 32 439 11.475400
E 32 291 12.798253
E 32 265 7.101577
E 32 298 483.806111
E 32 333 32.268038
E 32 496 40.455473
E 32 49 38.986923
E 32 209 44.477603
E 32 306 13.944069
E 32 54 42.115794
E 32 182 16.437951
E 32 472 179.197438
E 32 379 37.583904
E 32 62 14.686968
E 32 159 32.389412
E 33 67 210.954724
E 33 230 39.461419
E 33 394 37.620087
E 33 107 41.472037
E 33 364 42.549304
E 33 335 44.174959
E 33 497 24.601974
E 33 404 29.957485
E 33 181 41.058554
E 33 374 38.262602
E 33 313 44.394302
E 33 90 41.503229
E 34 69 76.957682
E 34 422 35.232560
E 34 361 44.451854
E 34 490 42.630141
E 34 427 44.568060
E 34 460 25.728540
E 34 173 19.774612
E 34 463 15.397480
E 34 369 41.867166
E 34 370 15.081416
E 34 467 13.086837
E 34 85 34.631895
E 34 60 18.021543
E 34 318 36.936901
E 35 64 23.095245
E 35 449 37.581390
E 35 131 18.865131
E 35 101 38.371273
E 35 454 28.759871
E 35 71 177.723830
E 35 302 26.770535
E 35 441 42.236173
E 35 218 22.755190
E 35 220 39.058240
E 35 93 19.461553
E 36 73 195.116475
E 36 412 254.359603
E 36 105 31.150772
E 36 375 5.992717
E 37 193 8.394483
E 37 228 20.563745
E 37 249 32.898481
E 37 198 37.954892
E 37 263 39.238806
E 37 75 401.176131
E 37 112 38.411899
E 37 273 16.937726
E 37 178 7.955993
E 37 147 41.910827
E 37 471 34.754453
E 37 216 420.475715
E 37 89 27.517221
E 37 123 23.684260
E 37 350 24.019170
E 38 449 43.811553
E 38 472 27.851729
E 38 360 31.510588
E 38 77 188.724519
E 38 111 27.076611
E 38 405 35.756122
E 38 342 41.837283
E 38 279 11.758188
E 38 280 40.481784
E 38 61 43.434269
E 38 318 325.625040
E 39 321 37.995977
E 39 482 22.095169
E 39 391 42.009457
E 39 429 26.932760
E 39 303 42.793253
E 39 176 12.446438
E 39 81 31.189261
E 39 79 400.320539
E 39 304 18.879692
E 39 117 28.765193
E 39 215 19.383465
E 40 352 1.626156
E 40 257 35.905945
E 40 448 28.840659
E 40 167 42.998787
E 40 393 342.805864
E 40 48 28.392777
E 40 81 349.907728
E 40 242 24.792662
E 40 57 41.974228
E 40 351 19.554517
E 41 418 43.578209
E 41 355 34.689399
E 41 489 20.169512
E 41 274 15.904145
E 41 83 378.369532
E 41 435 35.690741
E 41 217 11.231818
E 41 250 21.982673
E 41 316 207.123093
E 41 477 17.020265
E 42 287 24.611615
E 42 175 19.374568
E 42 441 33.033636
E 42 315 17.897395
E 42 191 21.681662
E 42 68 7.030472
E 42 197 25.566489
E 42 461 37.221952
E 42 83 39.462250
E 42 85 392.505383
E 42 342 33.565731
E 42 87 28.892443
E 42 216 42.013554
E 42 91 33.354135
E 42 349 44.407351
E 42 480 41.106849
E 42 101 39.586408
E 42 231 30.612532
E 42 232 22.591050
E 42 487 24.887423
E 42 111 49.042334
E 42 246 44.687435
E 43 133 7.137399
E 43 263 40.422282
E 43 76 25.450210
E 43 431 11.672689
E 43 177 422.909409
E 43 87 469.419401
E 43 474 21.576009
E 43 475 528.791266
E 43 127 35.643174
E 44 387 18.353125
E 44 389 29.116033
E 44 204 40.464966
E 44 271 28.353971
E 44 145 13.732825
E 44 213 37.846859
E 44 88 32.652610
E 44 89 428.853534
E 44 254 36.201373
E 44 383 23.817623
E 45 388 9.006953
E 45 297 24.333144
E 45 494 19.228803
E 45 251 34.280455
E 45 79 39.634865
E 45 367 31.840402
E 45 400 3.887918
E 45 432 35.219914
E 45 281 35.703165
E 45 91 272.156276
E 45 446 197.254027
E 46 289 30.100351
E 46 294 18.602565
E 46 455 31.003909
E 46 137 31.169712
E 46 268 7.931028
E 46 149 41.420852
E 46 150 17.323519
E 46 373 33.027572
E 46 315 256.590142
E 46 93 150.327804
E 47 66 33.740770
E 47 255 36.974946
E 47 100 39.746966
E 47 357 38.029031
E 47 420 30.596762
E 47 410 42.692853
E 47 241 37.093186
E 47 114 12.959111
E 47 433 41.737330
E 47 180 44.140037
E 47 310 22.944991
E 47 470 29.018281
E 47 282 22.272821
E 47 476 36.742714
E 47 285 31.240083
E 47 95 214.736723
E 47 63 41.645872
E 48 160 38.070628
E 48 97 161.977732
E 48 224 36.419818
E 48 291 128.019766
E 48 352 27.070043
E 48 448 23.082742
E 48 237 43.288855
E 48 401 32.803485
E 48 242 12.252232
E 48 351 43.967669
E 49 99 357.933115
E 49 71 42.748144
E 49 265 35.226444
E 49 209 24.935953
E 49 306 26.581173
E 49 475 42.949341
E 49 379 15.549564
E 49 445 34.919351
E 49 159 40.342178
E 50 480 20.391836
E 50 68 43.381614
E 50 101 81.573504
E 50 197 21.191830
E 50 423 43.326121
E 50 457 6.812315
E 50 74 41.083997
E 50 175 37.961745
E 50 315 36.446239
E 50 338 37.574730
E 50 83 34.835058
E 50 216 35.276823
E 50 314 32.498237
E 50 91 39.462007
E 51 449 33.126106
E 51 163 39.811167
E 51 103 331.551113
E 51 492 176.765177
E 51 177 40.676381
E 51 210 44.422809
E 51 440 12.831849
E 51 220 18.575136
E 51 93 28.069948
E 52 385 43.139641
E 52 105 103.988541
E 52 393 34.513036
E 52 235 19.326586
E 52 108 12.475544
E 52 270 11.912823
E 52 465 32.079218
E 52 371 40.227157
E 52 372 27.982275
E 52 248 31.251906
E 52 121 22.266866
E 52 154 30.340949
E 52 286 18.676356
E 53 356 39.991924
E 53 390 390.172890
E 53 295 12.259918
E 53 107 223.791615
E 53 187 35.989977
E 53 144 35.313104
E 53 336 11.736620
E 53 245 17.206924
E 53 437 36.624630
E 53 247 22.158548
E 53 410 43.438752
E 53 155 24.451385
E 53 476 33.644424
E 53 415 31.135093
E 54 291 42.248857
E 54 485 32.002925
E 54 71 19.690973
E 54 109 266.730259
E 54 333 10.477087
E 54 496 5.342241
E 54 209 37.167449
E 54 182 27.990680
E 54 214 138.143894
E 54 475 19.164989
E 54 445 33.396070
E 54 189 22.772784
E 54 62 37.073978
E 54 159 14.432105
E 55 320 42.185163
E 55 164 35.270922
E 55 392 37.154197
E 55 234 43.230890
E 55 235 297.697689
E 55 330 37.802393
E 55 237 38.146446
E 55 111 163.250953
E 55 113 20.961695
E 55 179 7.441665
E 55 244 36.955122
E 56 407 10.847408
E 56 385 17.947237
E 56 386 9.978928
E 56 455 37.713277
E 56 345 42.868669
E 56 137 29.925060
E 56 108 42.490458
E 56 428 473.520123
E 56 113 338.453786
E 56 465 19.461480
E 56 83 261.187096
E 56 371 13.708149
E 56 403 32.811043
E 56 86 43.833521
E 56 150 43.018768
E 56 121 39.344564
E 56 154 29.507221
E 56 286 31.404255
E 57 352 43.580013
E 57 257 19.172736
E 57 484 230.432021
E 57 229 23.474324
E 57 327 20.795199
E 57 167 19.445359
E 57 424 32.190253
E 57 426 25.672897
E 57 115 255.811413
E 57 340 29.832982
E 57 413 43.243520
E 58 417 117.465643
E 58 99 25.353582
E 58 356 34.292610
E 58 358 12.378878
E 58 75 28.588587
E 58 334 220.618208
E 58 110 40.012781
E 58 464 31.145908
E 58 495 13.500197
E 58 275 7.557432
E 58 117 365.471690
E 58 277 15.879652
E 58 59 15.001621
E 58 92 43.905891
E 58 223 24.764305
E 59 416 208.536177
E 59 418 389.187303
E 59 99 27.715026
E 59 356 19.298019
E 59 358 3.451778
E 59 75 42.781731
E 59 495 28.337820
E 59 464 34.502820
E 59 275 22.398838
E 59 277 18.734419
E 59 119 138.421931
E 59 247 37.099053
E 59 223 39.759096
E 60 199 39.101573
E 60 490 25.660652
E 60 460 43.747732
E 60 173 16.684646
E 60 463 20.829246
E 60 369 26.065964
E 60 370 18.540204
E 60 467 10.032910
E 60 85 21.472794
E 60 151 35.546035
E 60 121 352.793419
E 61 384 41.147106
E 61 451 33.856331
E 61 168 16.846002
E 61 360 21.970324
E 61 331 20.846423
E 61 207 31.650728
E 61 405 27.203003
E 61 123 352.858884
E 62 354 248.945708
E 62 291 5.490105
E 62 265 21.542877
E 62 333 29.456307
E 62 496 33.756442
E 62 306 28.445265
E 62 245 359.930509
E 62 182 9.696662
E 62 439 20.096609
E 62 125 367.858504
E 62 159 32.363023
E 63 481 43.451972
E 63 66 23.966924
E 63 67 28.436678
E 63 165 34.607510
E 63 171 15.643061
E 63 282 19.824448
E 63 497 228.338630
E 63 433 7.093642
E 63 346 95.058913
E 63 187 39.924260
E 63 476 38.757437
E 63 125 17.913451
E 63 127 210.716111
E 64 129 277.871542
E 64 131 20.798133
E 64 101 16.346152
E 64 454 21.900507
E 64 472 37.687477
E 64 232 32.941053
E 64 461 42.533651
E 64 302 33.342215
E 64 246 32.994744
E 64 87 23.822257
E 64 342 35.423337
E 64 441 19.747067
E 64 218 0.384708
E 64 283 265.564274
E 64 349 28.720656
E 64 93 41.835546
E 64 287 34.848911
E 65 192 40.190777
E 65 450 25.135300
E 65 131 288.587480
E 65 259 16.354803
E 65 484 44.662369
E 65 486 39.193670
E 65 296 25.807768
E 65 328 19.382941
E 65 140 17.505292
E 65 109 38.043078
E 65 77 36.029420
E 65 78 30.834436
E 65 397 19.469379
E 65 434 32.937158
E 65 466 25.629446
E 66 481 36.508007
E 66 67 27.857053
E 66 133 257.752334
E 66 295 36.258631
E 66 171 15.929477
E 66 238 277.214573
E 66 336 44.055559
E 66 433 29.750073
E 66 114 35.492932
E 66 245 32.720002
E 66 157 39.009222
E 66 282 23.155760
E 66 187 21.479085
E 66 476 14.790685
E 66 125 19.584772
E 67 192 42.738887
E 67 481 15.519576
E 67 450 38.778514
E 67 135 304.653806
E 67 171 15.210285
E 67 433 35.055573
E 67 157 20.142903
E 67 282 43.282291
E 67 187 24.115079
E 67 476 36.393894
E 67 125 11.253504
E 68 384 117.134679
E 68 480 40.884012
E 68 287 31.636826
E 68 197 22.542411
E 68 231 28.117208
E 68 232 29.574523
E 68 137 245.089008
E 68 487 30.736977
E 68 461 43.841724
E 68 111 49.288251
E 68 175 22.684684
E 68 315 11.125269
E 68 83 41.743308
E 68 342 36.051139
E 68 87 34.526607
E 68 216 35.137851
E 68 441 38.696705
E 68 91 36.728733
E 68 191 18.482300
E 69 199 28.921532
E 69 106 21.424941
E 69 139 137.324455
E 69 266 30.045956
E 69 205 19.527189
E 69 174 11.451297
E 69 298 27.800594
E 69 490 35.003716
E 69 243 22.076725
E 69 244 312.253304
E 69 85 43.212855
E 69 151 34.134351
E 69 188 25.303503
E 69 253 32.594783
E 70 416 33.919428
E 70 97 33.348559
E 70 482 206.370866
E 70 421 43.854713
E 70 453 35.682335
E 70 456 29.972579
E 70 458 21.562697
E 70 300 39.493673
E 70 141 299.245876
E 70 366 22.266270
E 70 396 29.664741
E 70 80 26.534473
E 70 337 29.585736
E 70 116 39.642155
E 70 118 32.836934
E 70 411 24.250671
E 70 412 27.603796
E 70 221 30.909054
E 71 261 92.178672
E 71 485 30.119782
E 71 333 19.196952
E 71 143 349.588838
E 71 496 24.712708
E 71 209 20.118726
E 71 182 37.725181
E 71 475 0.528379
E 71 445 13.977634
E 71 189 12.142784
E 71 159 15.006623
E 72 353 30.138629
E 72 322 20.010647
E 72 135 30.213644
E 72 263 34.638025
E 72 112 17.396609
E 72 145 444.678826
E 72 82 23.309356
E 72 147 18.354720
E 72 278 11.720066
E 72 89 29.865244
E 72 474 43.100506
E 72 123 41.929788
E 72 381 37.473345
E 73 288 6.936430
E 73 97 43.796175
E 73 354 29.752538
E 73 132 26.736572
E 73 421 33.884559
E 73 425 29.236251
E 73 362 132.466126
E 73 203 9.919666
E 73 331 42.302410
E 73 364 30.818663
E 73 394 40.986438
E 73 335 32.792079
E 73 147 316.241513
E 73 468 40.384758
E 73 277 313.219004
E 73 311 34.402046
E 73 120 26.998370
E 74 224 29.149779
E 74 162 24.629949
E 74 389 209.530131
E 74 423 4.831704
E 74 498 427.202853
E 74 338 15.897045
E 74 149 332.485342
E 74 216 20.980653
E 74 314 9.101670
E 74 315 44.617004
E 75 256 32.369947
E 75 446 21.428828
E 75 358 40.716142
E 75 488 38.081211
E 75 459 32.698196
E 75 141 40.729873
E 75 110 29.881742
E 75 495 19.284431
E 75 464 33.041690
E 75 115 30.277907
E 75 252 29.923134
E 75 275 23.082446
E 75 277 30.731725
E 75 151 284.828238
E 75 92 17.928045
E 75 126 33.794063
E 75 223 10.462120
E 76 353 38.088287
E 76 97 335.631842
E 76 133 30.977168
E 76 263 44.517234
E 76 431 13.892186
E 76 153 556.218700
E 76 474 29.677547
E 76 381 29.053508
E 77 259 36.371843
E 77 486 42.491336
E 77 328 16.797539
E 77 105 287.995849
E 77 140 44.697988
E 77 396 23.088396
E 77 78 38.600941
E 77 366 41.153761
E 77 80 39.502017
E 77 337 22.391210
E 77 397 16.980188
E 77 434 29.690341
E 77 466 35.199405
E 77 183 41.839927
E 77 155 118.441084
E 78 416 26.077184
E 78 259 14.821881
E 78 484 14.872980
E 78 296 20.522311
E 78 328 31.861619
E 78 267 22.406346
E 78 140 20.202603
E 78 300 33.027165
E 78 396 43.322422
E 78 397 32.915287
E 78 337 41.609347
E 78 411 44.436187
E 78 157 77.603686
E 79 229 38.341026
E 79 326 35.293258
E 79 167 42.599263
E 79 327 35.732905
E 79 361 313.223704
E 79 297 15.613558
E 79 424 29.665956
E 79 426 20.399324
E 79 494 25.399626
E 79 367 13.233250
E 79 400 42.985682
E 79 432 13.155316
E 79 340 32.464751
E 79 281 7.760016
E 79 251 20.606768
E 79 159 159.700325
E 80 161 190.417840
E 80 292 22.927509
E 80 396 17.963528
E 80 302 229.453922
E 80 366 4.352066
E 80 337 19.435173
E 80 116 19.138097
E 80 221 10.313153
E 80 447 37.251688
E 81 321 21.651651
E 81 482 34.263431
E 81 163 271.987893
E 81 362 44.317422
E 81 429 43.120244
E 81 303 33.738467
E 81 176 42.783456
E 81 307 40.315860
E 82 353 10.812509
E 82 322 34.716837
E 82 165 273.962370
E 82 112 39.991824
E 82 147 39.057940
E 82 436 363.380600
E 82 278 28.866444
E 82 381 22.178514
E 83 480 14.698079
E 83 197 28.892384
E 83 167 186.570837
E 83 232 43.166632
E 83 457 32.203070
E 83 487 25.027617
E 83 396 219.908036
E 83 461 35.111081
E 83 175 20.236506
E 83 315 43.887604
E 83 443 21.542956
E 83 312 12.588170
E 83 153 23.682563
E 83 91 8.498173
E 83 287 40.067971
E 84 418 35.155978
E 84 169 323.327512
E 84 206 27.731576
E 84 146 30.724953
E 84 274 39.314585
E 84 435 26.811938
E 84 469 36.526652
E 84 250 35.697476
E 84 156 37.042583
E 84 158 27.176324
E 85 194 35.586835
E 85 199 31.034351
E 85 266 42.941876
E 85 171 135.657214
E 85 490 13.639592
E 85 173 37.963806
E 85 463 26.135697
E 85 369 35.151165
E 85 370 39.890129
E 85 243 24.977659
E 85 467 21.551686
E 85 151 30.372276
E 85 188 25.649081
E 86 386 34.058444
E 86 455 34.751951
E 86 137 40.527036
E 86 490 395.178112
E 86 173 423.996266
E 86 432 463.452246
E 86 371 41.808978
E 86 308 30.150420
E 86 149 43.231376
E 86 403 12.729057
E 86 345 1.755522
E 86 94 44.626572
E 87 320 211.325063
E 87 131 42.729696
E 87 287 20.110062
E 87 101 16.619327
E 87 454 39.124218
E 87 231 36.806917
E 87 232 15.874195
E 87 487 34.229851
E 87 461 34.864636
E 87 430 314.185947
E 87 111 38.352523
E 87 175 40.250226
E 87 246 32.848106
E 87 342 18.847501
E 87 472 29.701125
E 87 441 4.170189
E 87 218 24.200460
E 87 349 29.879529
E 87 191 34.572865
E 88 227 21.631281
E 88 387 15.929581
E 88 360 258.846979
E 88 395 44.308404
E 88 271 7.821752
E 88 144 39.051521
E 88 177 360.891955
E 88 145 37.062040
E 88 213 28.212000
E 88 437 36.911818
E 88 476 102.516616
E 88 254 17.476553
E 88 415 41.758946
E 89 193 26.937870
E 89 322 24.511745
E 89 228 40.429938
E 89 135 20.746550
E 89 263 34.918203
E 89 202 240.894843
E 89 368 380.099775
E 89 112 12.513428
E 89 178 30.436873
E 89 179 378.818759
E 89 147 14.566137
E 89 273 38.701090
E 89 278 24.997912
E 89 341 29.627464
E 89 123 28.782694
E 89 350 29.656332
E 90 107 37.839330
E 90 172 31.666252
E 90 269 43.262016
E 90 363 25.607841
E 90 465 167.651621
E 90 148 35.941803
E 90 181 42.914036
E 90 374 4.779493
E 90 283 21.610259
E 90 222 16.401025
E 90 95 37.499467
E 91 480 20.811611
E 91 197 28.651193
E 91 487 16.536808
E 91 232 34.777743
E 91 457 38.035682
E 91 461 27.278799
E 91 175 14.106913
E 91 404 220.458537
E 91 443 23.435708
E 91 246 40.215119
E 91 183 235.670867
E 91 312 13.767931
E 91 153 30.838413
E 91 315 40.828553
E 91 349 43.054878
E 91 287 31.590259
E 92 256 24.830867
E 92 446 24.735545
E 92 488 25.539836
E 92 459 31.828519
E 92 141 39.913709
E 92 110 44.154888
E 92 495 36.867470
E 92 464 34.786510
E 92 115 39.427644
E 92 275 39.802705
E 92 277 40.428669
E 92 185 171.777140
E 92 252 17.706464
E 92 126 20.872810
E 92 223 28.038401
E 93 449 27.531229
E 93 131 36.326939
E 93 302 39.732084
E 93 440 38.986296
E 93 218 41.530352
E 93 187 355.237943
E 93 220 22.015018
E 94 308 14.514269
E 94 189 395.818193
E 95 102 30.029372
E 95 170 39.867565
E 95 107 23.286462
E 95 268 273.172115
E 95 139 33.118551
E 95 172 8.536364
E 95 269 18.088339
E 95 362 28.235382
E 95 307 34.264589
E 95 374 41.446621
E 95 191 232.048457
E 96 193 67.774497
E 96 226 37.553449
E 96 195 41.350224
E 96 355 33.340593
E 96 198 39.941020
E 96 391 42.447913
E 96 136 30.506468
E 96 398 23.890580
E 96 184 31.072208
E 96 444 291.872195
E 96 347 9.362988
E 96 124 27.308116
E 97 384 41.422205
E 97 354 27.349519
E 97 195 286.120929
E 97 132 35.066699
E 97 421 10.988071
E 97 453 27.289342
E 97 456 29.258592
E 97 458 35.028835
E 97 492 37.681690
E 97 240 32.711158
E 97 118 21.569579
E 97 412 21.436870
E 97 411 36.468813
E 97 284 34.487811
E 97 382 309.723050
E 98 451 34.862999
E 98 197 107.041185
E 98 134 33.188247
E 98 104 20.449863
E 98 201 34.715766
E 98 329 18.418709
E 98 492 40.116145
E 98 493 11.728896
E 98 207 34.479918
E 98 244 38.809117
E 98 214 31.369627
E 98 284 43.716469
E 98 447 31.079900
E 99 356 39.386409
E 99 358 24.753489
E 99 199 288.405414
E 99 233 23.577591
E 99 110 40.473401
E 99 495 27.712566
E 99 275 25.565000
E 99 277 40.456531
E 99 223 38.316807
E 100 357 6.601479
E 100 201 273.340322
E 100 458 220.476675
E 100 428 13.780561
E 100 378 15.116999
E 100 410 23.792255
E 100 272 15.198163
E 100 241 2.688265
E 100 114 30.232171
E 100 180 4.700849
E 100 342 378.451869
E 100 310 23.107791
E 100 281 262.492145
E 100 346 24.250414
E 100 380 25.326457
E 100 343 30.644069
E 101 131 29.054093
E 101 454 23.293743
E 101 487 33.362139
E 101 232 18.012732
E 101 203 148.111291
E 101 461 26.658852
E 101 302 39.579253
E 101 175 44.011605
E 101 246 19.302037
E 101 342 34.628059
E 101 472 42.662216
E 101 441 14.592123
E 101 218 16.570792
E 101 348 496.698601
E 101 349 15.395315
E 101 287 18.987434
E 102 202 22.655163
E 102 170 40.998744
E 102 172 30.755821
E 102 107 25.698217
E 102 139 43.578291
E 102 205 200.178826
E 102 240 41.777177
E 102 269 17.790267
E 103 161 14.592238
E 103 194 32.214732
E 103 196 15.518106
E 103 300 118.783125
E 103 334 33.011143
E 103 239 41.483089
E 103 207 251.206262
E 103 430 16.852828
E 103 319 39.778555
E 104 162 34.234405
E 104 451 36.107897
E 104 134 33.407382
E 104 329 8.199720
E 104 493 28.655286
E 104 207 37.571656
E 104 209 121.841608
E 104 434 139.084571
E 104 244 44.539955
E 104 214 22.958991
E 105 163 38.594286
E 105 166 35.522483
E 105 301 28.215278
E 105 177 29.407674
E 105 210 32.252723
E 105 211 352.425240
E 105 375 32.242293
E 105 440 38.146363
E 106 199 17.555044
E 106 266 10.594925
E 106 490 33.120813
E 106 332 27.518782
E 106 205 12.257598
E 106 174 24.792744
E 106 369 42.255927
E 106 498 43.973695
E 106 243 35.180756
E 106 373 423.442886
E 106 213 316.453018
E 106 151 21.974215
E 106 312 475.233921
E 106 188 39.527530
E 106 253 18.575478
E 106 127 44.550477
E 107 394 40.416781
E 107 172 16.549175
E 107 269 9.710941
E 107 374 39.552498
E 107 215 134.978021
E 107 280 158.244727
E 108 121 9.803928
E 108 385 32.598351
E 108 230 96.979463
E 108 395 338.170572
E 108 235 31.145331
E 108 270 12.422398
E 108 465 28.020877
E 108 371 35.876580
E 108 372 37.847729
E 108 248 40.572726
E 108 217 165.509906
E 108 154 31.069837
E 108 286 12.094827
E 109 192 11.882239
E 109 417 13.157802
E 109 450 41.390179
E 109 481 38.950285
E 109 486 20.604394
E 109 317 43.648503
E 109 169 22.590364
E 109 138 29.416822
E 109 328 44.077591
E 109 397 43.159617
E 109 434 29.677478
E 109 466 21.370569
E 109 219 84.147943
E 109 157 34.601077
E 110 256 41.600313
E 110 290 33.665964
E 110 459 32.377979
E 110 141 35.884948
E 110 495 26.997885
E 110 275 32.608742
E 110 115 13.740151
E 110 442 34.888198
E 110 221 255.709219
E 110 446 25.227815
E 110 223 21.213333
E 111 223 380.659153
E 111 231 24.913119
E 111 405 21.988274
E 111 342 19.700785
E 111 279 38.469423
E 111 472 13.198983
E 111 441 38.913838
E 111 191 33.227731
E 112 225 165.182616
E 112 193 39.046663
E 112 322 16.563031
E 112 260 249.736457
E 112 135 19.600485
E 112 263 32.333901
E 112 178 39.650681
E 112 147 6.072914
E 112 341 34.912968
E 112 278 13.756796
E 112 123 32.361364
E 112 350 41.901610
E 113 320 21.613766
E 113 227 99.728850
E 113 164 21.646523
E 113 262 43.627395
E 113 392 16.826494
E 113 234 35.177007
E 113 330 43.788780
E 113 237 40.517133
E 113 365 41.379880
E 113 208 33.279449
E 113 179 26.716791
E 113 119 40.628157
E 113 219 36.911437
E 114 162 301.016472
E 114 420 40.379877
E 114 229 288.765005
E 114 357 30.359773
E 114 428 43.941318
E 114 410 29.753817
E 114 272 44.387021
E 114 241 27.786614
E 114 180 34.898743
E 114 245 38.608058
E 114 310 21.366708
E 114 470 40.487809
E 114 282 32.171904
E 114 476 32.995298
E 114 285 43.075700
E 115 256 30.126143
E 115 290 38.405492
E 115 446 15.747923
E 115 231 383.791609
E 115 488 40.674110
E 115 459 19.454830
E 115 141 22.165827
E 115 495 35.522106
E 115 275 41.475236
E 115 442 21.791855
E 115 252 36.349712
E 115 126 39.085938
E 115 223 25.628626
E 116 292 9.874513
E 116 233 203.205861
E 116 201 44.048172
E 116 396 36.497934
E 116 492 37.318534
E 116 366 20.979794
E 116 493 36.852884
E 116 337 38.097443
E 116 338 133.558454
E 116 244 36.604721
E 116 409 225.716816
E 116 284 41.075408
E 116 221 9.484746
E 116 447 18.116975
E 117 482 41.371847
E 117 391 14.656760
E 117 136 23.197517
E 117 235 202.763444
E 117 429 39.620182
E 117 176 19.247342
E 117 304 25.647283
E 117 438 37.809975
E 117 215 17.375385
E 117 184 20.960967
E 117 249 33.912977
E 117 124 39.521555
E 118 416 39.144413
E 118 421 24.324976
E 118 453 5.759656
E 118 456 9.549873
E 118 202 44.305099
E 118 458 20.628239
E 118 300 35.913372
E 118 237 142.260909
E 118 240 19.754445
E 118 411 20.592934
E 118 412 5.314825
E 119 320 44.266132
E 119 130 37.455477
E 119 262 36.944146
E 119 392 44.095903
E 119 234 10.268028
E 119 395 12.332425
E 119 365 41.984386
E 119 239 193.916120
E 119 339 307.043650
E 119 213 32.930416
E 119 183 36.896111
E 119 219 8.371461
E 119 317 33.555857
E 119 478 30.250387
E 120 288 21.016485
E 120 323 42.660345
E 120 485 238.972162
E 120 456 82.658889
E 120 425 35.081751
E 120 394 38.936951
E 120 203 25.675360
E 120 364 7.715122
E 120 238 35.650994
E 120 335 6.661709
E 120 241 310.962483
E 120 497 25.864511
E 120 404 24.549038
E 120 436 29.809639
E 120 468 13.395022
E 120 311 31.000645
E 120 313 36.763473
E 121 385 26.102863
E 121 235 40.819967
E 121 270 19.191762
E 121 465 29.137438
E 121 243 323.185783
E 121 371 35.949891
E 121 407 41.777549
E 121 154 35.474346
E 121 316 41.946616
E 121 286 14.883179
E 122 225 32.747594
E 122 418 22.096277
E 122 363 34.098752
E 122 462 430.077393
E 122 143 24.319224
E 122 339 15.561442
E 122 148 26.069543
E 122 181 44.352586
E 122 245 301.917127
E 122 250 39.073342
E 122 283 42.661177
E 122 222 42.962644
E 123 193 30.948857
E 123 471 41.448710
E 123 228 17.437576
E 123 263 16.107072
E 123 273 18.574364
E 123 178 17.877454
E 123 147 38.107691
E 123 247 332.950645
E 123 474 33.971166
E 123 350 44.507792
E 124 193 41.399193
E 124 130 401.547957
E 124 195 31.354086
E 124 198 18.391398
E 124 391 25.367671
E 124 136 17.965119
E 124 398 34.690438
E 124 402 39.621214
E 124 212 40.370290
E 124 184 25.423494
E 124 249 20.989406
E 124 347 23.706594
E 124 350 33.440763
E 125 481 25.603258
E 125 297 241.871988
E 125 171 4.258529
E 125 251 257.768219
E 125 433 24.868769
E 125 282 32.094102
E 125 187 25.203511
E 125 476 31.510001
E 125 157 29.805943
E 126 256 10.213595
E 126 383 130.321651
E 126 488 4.669796
E 126 459 22.346077
E 126 141 27.854873
E 126 399 32.088676
E 126 348 32.720300
E 126 442 37.915464
E 126 379 450.317094
E 126 252 3.889039
E 126 253 338.643822
E 126 446 24.145136
E 126 223 41.222688
E 127 133 34.809752
E 127 236 37.331682
E 127 205 37.632603
E 127 460 142.755690
E 127 332 24.475431
E 127 253 26.059614
E 127 255 207.150079
E 128 257 377.596759
E 128 354 171.124614
E 128 225 17.842197
E 128 321 33.597349
E 128 363 26.905703
E 128 339 37.411412
E 128 148 24.985057
E 128 438 37.051169
E 128 283 25.044665
E 128 222 31.099245
E 129 130 17.226383
E 129 259 161.396031
E 129 419 35.053664
E 129 389 38.568057
E 129 326 30.360472
E 129 262 20.905471
E 129 359 35.969086
E 129 204 37.804145
E 129 365 22.717579
E 129 432 44.008452
E 129 406 8.867975
E 129 344 9.202825
E 129 474 432.112565
E 129 478 24.159659
E 130 320 34.909076
E 130 419 38.350629
E 130 261 242.483292
E 130 262 6.868353
E 130 326 39.136689
E 130 359 35.908882
E 130 393 353.828942
E 130 392 38.971503
E 130 395 36.970435
E 130 365 13.675988
E 130 496 183.438526
E 130 208 40.005333
E 130 213 39.280405
E 130 406 17.675640
E 130 344 14.230361
E 130 219 29.765479
E 130 478 7.285985
E 131 454 10.684246
E 131 263 463.518920
E 131 302 12.590435
E 131 246 35.148962
E 131 441 39.050826
E 131 218 20.444352
E 131 349 31.719395
E 131 350 429.007573
E 132 288 33.573949
E 132 384 20.342026
E 132 354 8.068622
E 132 421 31.045283
E 132 487 155.950029
E 132 168 40.756638
E 132 265 242.195523
E 132 201 34.358518
E 132 203 28.954189
E 132 331 26.652163
E 132 425 38.692396
E 132 492 35.536026
E 132 284 31.132121
E 133 177 416.012578
E 133 474 18.810791
E 133 267 248.720099
E 133 431 17.838035
E 133 263 36.716481
E 134 292 42.147290
E 134 329 39.690467
E 134 330 27.597605
E 134 237 34.781732
E 134 269 176.164298
E 134 493 27.346822
E 134 401 42.445925
E 134 244 13.361204
E 134 447 31.210273
E 135 193 43.407697
E 135 322 11.887764
E 135 350 38.716174
E 135 271 421.471716
E 135 147 14.051736
E 135 341 18.211972
E 135 278 19.078853
E 135 414 578.264783
E 136 321 84.953635
E 136 198 35.656546
E 136 391 11.954233
E 136 176 41.491724
E 136 273 66.092395
E 136 215 37.432685
E 136 184 8.306833
E 136 249 24.520281
E 136 347 32.469899
E 137 407 26.805715
E 137 385 42.945331
E 137 386 25.245138
E 137 294 21.363532
E 137 455 11.153745
E 137 268 34.179182
E 137 275 517.704484
E 137 371 40.898524
E 137 149 41.828795
E 137 150 13.872254
E 137 373 33.751784
E 137 403 28.488493
E 137 345 38.828925
E 138 192 38.234938
E 138 417 28.172958
E 138 227 30.519645
E 138 486 26.154697
E 138 169 14.464237
E 138 144 33.079669
E 138 434 38.401617
E 138 466 38.617158
E 138 308 399.167154
E 138 277 122.874822
E 138 437 33.809205
E 138 183 44.471709
E 138 317 26.837267
E 138 415 37.244373
E 139 170 12.639201
E 139 362 25.223552
E 139 172 41.616735
E 139 307 21.047850
E 139 310 208.003465
E 139 279 218.089802
E 140 450 26.185765
E 140 259 8.849045
E 140 484 30.701951
E 140 296 8.384863
E 140 328 30.785946
E 140 267 29.511701
E 140 397 31.424192
E 140 466 43.100627
E 140 437 103.507781
E 140 281 225.242724
E 141 256 17.830419
E 141 488 26.865684
E 141 459 8.319817
E 141 442 10.071626
E 141 283 405.654910
E 141 252 27.237283
E 141 446 19.350739
E 141 223 41.456435
E 142 325 39.923111
E 142 444 11.197903
E 142 276 14.390224
E 142 285 76.605130
E 142 483 40.252202
E 143 418 34.665224
E 143 230 26.153681
E 143 363 35.460233
E 143 339 38.377450
E 143 148 34.211771
E 143 181 20.200417
E 143 374 42.025474
E 143 376 22.549351
E 143 283 43.099938
E 143 190 31.207567
E 143 222 40.001228
E 143 287 270.912753
E 144 289 470.774726
E 144 417 36.642167
E 144 227 18.973558
E 144 295 42.180061
E 144 271 41.904335
E 144 336 32.656094
E 144 372 337.051410
E 144 437 2.351136
E 144 247 43.934399
E 144 155 21.179784
E 144 254 36.902311
E 144 415 4.574300
E 145 291 292.585490
E 145 387 27.041708
E 145 389 39.810408
E 145 233 37.486687
E 145 271 30.471533
E 145 254 33.755678
E 145 383 11.635819
E 146 293 356.523574
E 146 206 37.095148
E 146 305 128.601021
E 146 435 38.540091
E 146 469 43.309520
E 146 156 26.297927
E 146 158 4.438603
E 147 193 41.437783
E 147 322 10.907084
E 147 260 255.112516
E 147 263 38.353373
E 147 295 340.871132
E 147 178 44.025029
E 147 341 30.653676
E 147 470 288.662680
E 147 278 10.599275
E 147 350 42.034334
E 148 225 18.808775
E 148 488 415.759529
E 148 297 387.187386
E 148 363 10.448920
E 148 339 23.304166
E 148 374 36.036001
E 148 283 17.765816
E 148 222 20.205195
E 149 289 19.999105
E 149 294 26.164313
E 149 455 30.979414
E 149 264 34.089152
E 149 299 667.552840
E 149 403 41.918355
E 149 150 38.028214
E 149 345 42.018258
E 150 289 35.663505
E 150 386 39.085626
E 150 294 12.330985
E 150 455 15.591277
E 150 268 21.141753
E 150 301 77.620260
E 150 403 39.531801
E 150 373 30.258604
E 150 407 37.976348
E 150 445 332.995121
E 151 199 5.279468
E 151 266 14.332407
E 151 490 16.885816
E 151 332 41.638894
E 151 173 44.144026
E 151 174 42.603674
E 151 303 95.103239
E 151 205 34.059225
E 151 369 21.324137
E 151 498 32.157947
E 151 243 33.434565
E 151 467 43.252392
E 151 188 37.474725
E 151 253 38.926028
E 151 351 426.811489
E 152 258 17.269494
E 152 428 39.203122
E 152 378 39.141095
E 152 272 36.710751
E 152 305 420.748568
E 152 368 17.412489
E 152 343 38.948175
E 152 346 32.491756
E 152 380 29.666254
E 153 480 28.387744
E 153 457 39.895412
E 153 175 43.902928
E 153 307 348.220912
E 153 312 21.236426
E 153 443 19.264309
E 154 385 35.250674
E 154 386 30.885906
E 154 167 385.322950
E 154 235 31.323145
E 154 270 40.472884
E 154 465 11.779889
E 154 371 15.925244
E 154 403 43.291072
E 154 309 404.836672
E 154 407 39.626894
E 154 286 20.605691
E 155 227 34.845568
E 155 356 34.798927
E 155 295 35.757209
E 155 336 29.482496
E 155 245 41.513002
E 155 437 20.881619
E 155 247 23.742211
E 155 410 59.587889
E 155 311 278.537302
E 155 254 38.157217
E 155 415 16.964796
E 156 469 22.255002
E 156 313 119.584742
E 156 390 19.472083
E 156 206 20.989882
E 156 158 23.449577
E 157 192 22.785540
E 157 417 31.164904
E 157 450 32.809701
E 157 481 4.769612
E 157 295 41.543117
E 157 171 32.699014
E 157 336 40.571015
E 157 315 276.509771
E 157 187 22.221793
E 157 476 40.274474
E 158 390 42.690080
E 158 206 32.780970
E 158 305 124.461719
E 158 435 37.875852
E 158 469 39.220270
E 158 317 352.077099
E 159 291 36.535868
E 159 485 40.405262
E 159 265 36.612970
E 159 493 161.991112
E 159 333 6.219434
E 159 496 16.887320
E 159 209 25.354742
E 159 306 35.295772
E 159 182 22.719675
E 159 439 43.848423
E 159 475 14.614490
E 159 445 24.902596
E 159 189 25.088876
E 159 319 392.188161
E 160 320 38.304229
E 160 321 306.275173
E 160 419 39.972387
E 160 164 25.946044
E 160 167 38.862681
E 160 327 43.496709
E 160 359 36.489736
E 160 330 40.748001
E 160 392 38.004933
E 160 237 33.669677
E 160 208 28.313840
E 160 401 26.823632
E 160 340 43.026377
E 161 194 26.422246
E 161 323 236.148702
E 161 196 3.748009
E 161 358 252.550600
E 161 334 42.957095
E 161 303 39.255965
E 161 430 31.174086
E 161 499 32.653751
E 162 224 32.500893
E 162 325 362.477811
E 162 423 26.837972
E 162 329 35.282458
E 162 338 39.990248
E 162 214 31.145166
E 162 216 27.552177
E 162 314 29.748155
E 163 480 179.971712
E 163 166 32.484185
E 163 327 309.961453
E 163 301 26.019141
E 163 177 9.486012
E 163 210 8.926460
E 163 341 371.266573
E 163 440 40.563146
E 163 377 25.165667
E 163 186 35.547131
E 163 316 32.361273
E 164 320 19.212768
E 164 419 42.040039
E 164 359 35.379455
E 164 392 15.998721
E 164 329 96.463572
E 164 330 34.948053
E 164 237 28.893126
E 164 365 41.796314
E 164 208 20.414527
E 164 401 31.206870
E 164 179 42.606513
E 165 483 42.314607
E 165 420 44.151725
E 165 331 270.802731
E 165 460 38.355175
E 165 433 27.569772
E 165 470 36.224014
E 165 185 24.712815
E 165 282 33.665229
E 165 285 33.469027
E 165 318 30.716115
E 166 385 41.070653
E 166 301 8.961664
E 166 333 295.865186
E 166 177 26.875484
E 166 210 24.244768
E 166 377 24.598933
E 166 186 44.223309
E 166 316 16.638627
E 167 352 44.329931
E 167 257 36.084737
E 167 419 35.683723
E 167 229 38.544331
E 167 326 38.290862
E 167 327 6.917517
E 167 359 39.526540
E 167 424 17.820097
E 167 426 29.176789
E 167 495 230.449597
E 167 335 261.896190
E 167 340 14.405160
E 168 384 28.809960
E 168 451 24.435857
E 168 230 163.417931
E 168 360 37.833021
E 168 201 34.290463
E 168 331 22.891041
E 168 492 43.827154
E 168 207 21.322231
E 168 337 108.526378
E 168 405 35.943313
E 168 214 41.224339
E 168 284 42.862068
E 169 192 33.965566
E 169 417 28.085694
E 169 486 11.835292
E 169 434 23.943345
E 169 339 272.404630
E 169 466 24.950184
E 169 183 35.604730
E 169 317 21.552513
E 170 202 43.359551
E 170 307 33.605920
E 170 341 213.220137
E 170 362 37.717741
E 171 481 28.750772
E 171 297 243.204013
E 171 433 22.735922
E 171 343 107.653734
E 171 282 28.080971
E 171 187 25.053256
E 171 476 28.822104
E 172 362 35.075248
E 172 268 264.700092
E 172 269 14.771450
E 172 307 41.858616
E 172 374 35.116283
E 172 345 235.152051
E 172 442 368.445376
E 172 222 43.592728
E 173 293 43.193512
E 173 490 39.439205
E 173 460 41.161636
E 173 463 31.776299
E 173 369 26.656422
E 173 370 6.571551
E 173 467 22.778747
E 173 347 228.146028
E 174 199 37.333701
E 174 266 35.112102
E 174 298 30.025537
E 174 332 44.075457
E 174 205 16.681723
E 174 188 35.810117
E 174 243 33.033062
E 174 244 320.778966
E 174 253 28.689366
E 174 380 252.466807
E 174 349 443.275247
E 175 480 25.162423
E 175 287 25.051574
E 175 197 20.497824
E 175 351 142.091822
E 175 487 13.572128
E 175 232 26.624544
E 175 457 39.022436
E 175 461 28.649804
E 175 443 37.351101
E 175 246 40.241754
E 175 312 27.788454
E 175 441 43.775551
E 175 315 27.942296
E 175 349 41.842509
E 175 191 40.634706
E 176 353 149.966198
E 176 482 22.761265
E 176 391 30.707869
E 176 392 331.562844
E 176 429 23.202549
E 176 304 10.162653
E 176 215 7.057372
E 176 184 40.189209
E 176 249 44.171756
E 177 355 268.916429
E 177 388 391.636861
E 177 301 18.966855
E 177 210 4.377990
E 177 440 38.387344
E 177 377 27.681709
E 177 186 42.015072
E 177 316 31.510250
E 178 193 16.349519
E 178 228 12.791240
E 178 357 304.746913
E 178 263 33.960776
E 178 273 9.487373
E 178 372 254.750451
E 178 471 30.528142
E 178 249 38.112319
E 178 350 31.941103
E 179 292 41.280912
E 179 359 73.158214
E 179 392 43.395204
E 179 234 42.679091
E 179 330 43.274272
E 179 237 44.416184
E 179 244 36.816755
E 179 183 41.618246
E 180 453 242.235913
E 180 422 146.039802
E 180 357 7.949798
E 180 361 140.887387
E 180 428 9.079887
E 180 378 10.488312
E 180 410 26.575340
E 180 272 10.849142
E 180 241 7.142330
E 180 310 26.250751
E 180 343 26.633090
E 180 281 263.998645
E 180 346 21.326461
E 180 380 20.628140
E 181 230 6.928815
E 181 363 44.712009
E 181 374 38.279419
E 181 376 14.789435
E 181 412 128.888372
E 181 190 18.319732
E 182 291 14.402125
E 182 265 23.312476
E 182 365 195.524924
E 182 333 19.818687
E 182 496 25.251854
E 182 209 43.298320
E 182 306 27.686393
E 182 245 351.310201
E 182 439 25.893530
E 182 475 37.327182
E 183 486 34.078545
E 183 234 28.622906
E 183 395 44.379231
E 183 367 132.900428
E 183 434 30.956558
E 183 466 41.609224
E 183 219 43.726207
E 183 317 18.416682
E 184 321 79.940575
E 184 355 39.877357
E 184 198 43.552742
E 184 391 15.365020
E 184 369 188.478339
E 184 438 39.557007
E 184 215 37.437140
E 184 249 32.228120
E 184 347 35.261351
E 185 483 20.975073
E 185 420 33.874276
E 185 325 33.318508
E 185 460 38.356301
E 185 371 409.181785
E 185 470 28.452718
E 185 285 25.183115
E 185 318 39.882299
E 185 255 37.565013
E 186 323 38.006790
E 186 324 30.858565
E 186 210 38.171470
E 186 373 93.077326
E 186 280 36.300369
E 186 377 19.678391
E 186 316 29.492634
E 187 192 39.288969
E 187 417 41.831031
E 187 481 22.039750
E 187 295 23.995901
E 187 336 27.869616
E 187 245 27.394096
E 187 375 416.067538
E 187 282 44.540699
E 187 476 18.231416
E 188 194 29.255160
E 188 199 34.276984
E 188 266 42.919864
E 188 298 27.462639
E 188 490 26.229563
E 188 205 43.301363
E 188 432 372.646033
E 188 243 4.427212
E 188 499 42.856073
E 188 377 335.029801
E 189 485 18.360854
E 189 333 27.270710
E 189 496 28.052431
E 189 209 29.857329
E 189 475 12.185505
E 189 379 67.599621
E 189 445 20.997531
E 190 376 9.106268
E 190 421 127.253605
E 190 230 13.389182
E 190 248 44.699696
E 190 409 32.003012
E 190 381 296.843433
E 191 197 39.107013
E 191 231 9.734598
E 191 232 37.975305
E 191 383 294.893159
E 191 472 37.486626
E 191 405 39.623562
E 191 342 26.048914
E 191 216 38.389514
E 191 441 38.193113
E 191 315 21.928257
E 191 287 41.666547
E 192 385 342.629540
E 192 417 12.395076
E 192 450 35.940837
E 192 481 27.233138
E 192 486 32.356245
E 192 200 334.074488
E 192 336 43.205775
E 192 434 40.273638
E 192 466 30.580844
E 193 387 390.962906
E 193 228 28.850047
E 193 195 43.189514
E 193 198 29.782926
E 193 231 394.458104
E 193 273 25.103721
E 193 341 41.156093
E 193 471 40.325896
E 193 249 28.623605
E 193 350 15.730609
E 194 196 22.677441
E 194 389 300.797313
E 194 298 43.477440
E 194 334 37.547457
E 194 463 42.979080
E 194 243 33.371717
E 194 499 40.276577
E 194 319 38.113666
E 195 198 18.308343
E 195 391 56.127939
E 195 394 241.706761
E 195 398 26.010856
E 195 402 8.325411
E 195 212 9.077080
E 195 341 31.600848
E 195 408 582.620264
E 195 249 43.564560
E 195 347 32.124267
E 195 350 27.603911
E 196 358 251.085319
E 196 393 234.632705
E 196 334 41.085133
E 196 430 32.369066
E 196 303 40.764631
E 196 499 32.703205
E 197 480 21.353025
E 197 312 40.883990
E 197 487 34.052365
E 197 232 43.737963
E 197 457 25.111255
E 197 395 223.836774
E 197 216 30.512118
E 197 314 37.316301
E 197 315 18.069409
E 197 287 43.527911
E 198 391 40.087954
E 198 397 294.464696
E 198 398 35.505914
E 198 402 26.144084
E 198 212 26.862045
E 198 341 38.781895
E 198 249 25.361479
E 198 347 32.669077
E 198 350 17.146048
E 199 266 11.930254
E 199 490 17.437446
E 199 332 39.811293
E 199 205 29.354617
E 199 399 313.282766
E 199 369 26.593341
E 199 466 226.859712
E 199 243 30.045904
E 199 498 36.161381
E 199 253 35.327055
E 199 351 427.525822
E 200 261 22.855093
E 200 491 19.077857
E 200 401 179.359144
E 200 211 37.854807
E 200 408 10.234630
E 200 382 18.639338
E 201 384 15.093972
E 201 354 31.913569
E 201 486 135.368528
E 201 331 41.703912
E 201 492 9.938522
E 201 493 34.490821
E 201 207 42.229199
E 201 403 257.019831
E 201 284 10.881743
E 201 447 38.807699
E 202 416 38.484588
E 202 484 41.690215
E 202 453 38.575122
E 202 456 38.224216
E 202 458 41.978838
E 202 267 41.654483
E 202 300 28.507389
E 202 269 40.445428
E 202 240 42.997988
E 202 405 170.297029
E 202 411 39.273127
E 203 288 12.886141
E 203 407 165.591946
E 203 354 34.141281
E 203 421 42.957189
E 203 425 19.382376
E 203 331 37.533586
E 203 364 31.551304
E 203 335 32.232974
E 203 436 37.373510
E 203 277 321.837290
E 203 468 38.299445
E 203 311 24.811528
E 204 409 395.417757
E 204 388 44.156675
E 204 389 12.263735
E 204 406 32.289213
E 205 266 22.465539
E 205 490 43.318142
E 205 332 27.682393
E 205 243 39.389514
E 205 312 477.209804
E 205 411 238.306227
E 205 253 13.092134
E 206 469 8.815358
E 206 393 38.476358
E 206 409 28.911123
E 206 413 450.680943
E 206 390 30.334393
E 207 384 43.966651
E 207 451 3.294432
E 207 329 29.374197
E 207 331 44.120317
E 207 405 33.199779
E 207 214 20.044886
E 207 415 224.770393
E 208 320 13.928329
E 208 417 135.636831
E 208 419 21.913924
E 208 262 33.412532
E 208 326 33.820900
E 208 359 15.033895
E 208 392 17.033745
E 208 424 41.401185
E 208 365 26.390454
E 208 340 40.959723
E 208 344 36.619022
E 208 478 42.243126
E 209 419 165.118497
E 209 457 41.094077
E 209 333 31.565345
E 209 496 41.196587
E 209 306 38.458010
E 209 475 20.480262
E 209 379 39.809521
E 209 445 9.991184
E 210 388 390.949840
E 210 421 165.333719
E 210 301 17.197163
E 210 440 42.642845
E 210 377 23.318621
E 210 316 27.362999
E 211 452 34.367344
E 211 423 136.487351
E 211 462 43.946801
E 211 309 22.182339
E 211 408 27.685209
E 211 414 35.488549
E 212 425 307.452191
E 212 398 28.817013
E 212 402 0.751798
E 212 341 27.826964
E 212 408 591.523437
E 212 347 38.449955
E 212 350 32.947387
E 213 227 41.431575
E 213 387 23.786052
E 213 389 44.688393
E 213 262 44.110236
E 213 234 42.818954
E 213 427 208.826611
E 213 395 20.941473
E 213 271 33.527528
E 213 406 41.992558
E 213 219 33.706717
E 213 478 34.321824
E 214 329 16.203320
E 214 451 17.270406
E 214 429 310.975288
E 214 405 44.340498
E 214 493 42.983183
E 215 482 24.499781
E 215 391 25.947434
E 215 392 338.064365
E 215 473 41.136433
E 215 429 22.259281
E 215 431 130.054397
E 215 304 8.279737
E 215 471 40.692899
E 215 249 37.510775
E 216 423 25.789874
E 216 231 44.604979
E 216 457 42.082455
E 216 433 309.119077
E 216 338 32.836687
E 216 314 15.468054
E 216 315 24.122982
E 217 418 44.124682
E 217 355 28.473861
E 217 489 12.444993
E 217 274 24.765747
E 217 339 39.904796
E 217 435 45.695103
E 217 438 44.618709
E 217 250 26.835692
E 217 477 28.239571
E 218 454 21.664470
E 218 232 33.247265
E 218 461 42.693527
E 218 302 32.994731
E 218 437 324.506126
E 218 246 33.069674
E 218 342 35.787324
E 218 472 37.977095
E 218 441 20.127824
E 218 283 265.662772
E 218 349 28.795077
E 218 287 35.124004
E 219 320 37.176800
E 219 262 28.737864
E 219 454 276.610200
E 219 392 37.624769
E 219 234 15.287171
E 219 395 15.935157
E 219 365 33.618514
E 219 339 313.259682
E 219 439 245.862239
E 219 344 43.133883
E 219 317 41.842911
E 219 478 22.738809
E 220 440 22.649729
E 220 441 81.035368
E 220 449 41.776220
E 221 292 16.320441
E 221 396 28.234547
E 221 492 39.180128
E 221 366 11.541204
E 221 337 29.733457
E 221 338 142.941495
E 221 443 212.733722
E 221 284 42.230731
E 221 447 27.417831
E 222 225 35.605567
E 222 363 9.779673
E 222 339 43.409245
E 222 374 17.822227
E 222 283 6.081943
E 222 445 336.630042
E 223 256 37.520045
E 223 358 37.077046
E 223 459 34.341988
E 223 495 12.173657
E 223 464 39.141697
E 223 275 17.658141
E 223 277 32.321392
E 223 252 37.358140
E 223 446 22.836729
E 223 447 264.217451
E 224 448 34.854011
E 224 449 168.898361
E 224 423 25.544448
E 224 242 35.101027
E 224 338 32.477139
E 224 314 38.152722
E 225 283 30.817822
E 225 363 27.163444
E 225 339 20.191558
E 225 451 243.173900
E 225 438 30.348152
E 226 355 33.088705
E 226 489 41.019586
E 226 347 42.913137
E 226 453 242.991346
E 227 387 37.398050
E 227 455 435.109193
E 227 271 26.521107
E 227 437 17.261213
E 227 254 26.543975
E 227 415 22.696237
E 228 407 339.555914
E 228 263 31.704972
E 228 457 457.845243
E 228 273 4.036285
E 228 471 24.013362
E 228 473 36.270949
E 228 350 44.561490
E 229 257 31.372659
E 229 327 35.879843
E 229 424 42.622897
E 229 426 20.203873
E 229 459 271.936150
E 229 340 42.088447
E 229 281 38.593016
E 229 251 40.523305
E 229 413 20.777673
E 230 376 13.534386
E 230 409 44.159514
E 230 412 127.967347
E 230 461 259.186629
E 230 374 43.016604
E 231 232 43.692949
E 231 463 350.746023
E 231 405 29.986407
E 231 342 23.301602
E 231 472 31.664561
E 231 441 39.783125
E 231 315 31.240172
E 232 454 39.807110
E 232 487 18.496267
E 232 461 20.619763
E 232 465 222.953380
E 232 342 32.404356
E 232 246 23.435738
E 232 312 44.363162
E 232 441 18.410625
E 232 315 40.456134
E 232 349 22.330822
E 232 287 4.617644
E 233 467 253.189615
E 233 254 39.951398
E 233 383 33.935499
E 234 320 43.788136
E 234 262 42.983333
E 234 392 42.428879
E 234 395 21.904687
E 234 469 334.263551
E 234 317 29.976461
E 234 478 37.921232
E 235 390 37.940835
E 235 393 23.151757
E 235 270 29.694483
E 235 465 39.156255
E 235 372 27.692998
E 235 469 43.203469
E 235 471 254.763858
E 235 248 31.473078
E 235 286 32.287833
E 236 473 119.340237
E 236 266 41.308702
E 236 498 37.655388
E 236 332 21.675183
E 236 253 37.365507
E 237 392 44.000041
E 237 401 10.926771
E 237 330 7.203378
E 237 475 123.098790
E 237 244 38.332776
E 238 323 36.724927
E 238 364 34.865671
E 238 335 31.169849
E 238 305 28.577624
E 238 497 38.141908
E 238 404 24.236906
E 238 436 34.760260
E 238 468 22.475080
E 238 313 5.966598
E 238 477 158.709928
E 239 260 39.495327
E 239 422 37.028175
E 239 361 30.118338
E 239 479 20.741648
E 239 427 32.567270
E 239 334 19.199121
E 239 430 31.578792
E 239 319 24.017136
E 240 481 156.357227
E 240 453 18.371876
E 240 421 27.886955
E 240 456 25.748382
E 240 394 27.898121
E 240 458 38.321180
E 240 411 37.368576
E 240 412 25.045822
E 241 483 99.696107
E 241 357 5.814857
E 241 428 16.154705
E 241 378 17.630063
E 241 410 23.898509
E 241 272 17.065202
E 241 310 20.627162
E 241 342 377.152284
E 241 346 24.951003
E 241 380 27.704216
E 241 343 33.331068
E 242 352 23.188413
E 242 448 11.004294
E 242 485 41.726989
E 242 351 35.696599
E 243 432 375.876544
E 243 266 38.502856
E 243 490 23.365364
E 243 298 28.790173
E 243 487 417.583996
E 244 489 309.967735
E 244 330 31.890080
E 244 292 30.251017
E 244 493 29.444471
E 244 447 24.197297
E 245 295 10.569151
E 245 491 389.230019
E 245 336 20.186507
E 245 247 32.229013
E 245 410 35.004303
E 245 476 17.930794
E 246 454 24.959644
E 246 487 26.798910
E 246 493 158.538034
E 246 302 40.674686
E 246 461 12.945565
E 246 312 42.725834
E 246 441 32.404093
E 246 349 4.274625
E 246 287 20.209867
E 247 356 17.846059
E 247 358 39.953626
E 247 295 33.103287
E 247 495 65.364000
E 247 336 33.613888
E 247 437 44.091438
E 247 410 37.276568
E 247 415 39.404560
E 248 393 19.009068
E 248 270 29.398704
E 248 497 86.455577
E 248 305 36.805298
E 248 372 3.810791
E 248 409 36.825325
E 249 391 20.766774
E 249 304 42.085807
E 249 273 42.005022
E 249 499 90.244603
E 249 471 40.615202
E 249 347 44.694541
E 249 350 29.568556
E 250 418 23.569005
E 250 292 271.096747
E 250 489 39.143562
E 250 274 10.901521
E 250 339 40.401408
E 250 435 25.885731
E 250 477 23.686930
E 251 388 43.219204
E 251 297 16.204227
E 251 426 31.395215
E 251 494 15.053162
E 251 367 27.317788
E 251 400 38.168211
E 251 432 29.610296
E 251 281 12.899093
E 251 413 43.416613
E 252 256 9.475582
E 252 488 8.268078
E 252 459 20.839928
E 252 399 35.874749
E 252 442 37.170524
E 252 379 446.592619
E 252 348 36.593478
E 252 446 21.030667
E 253 266 24.867921
E 253 332 15.728905
E 254 415 37.750923
E 254 387 26.698478
E 254 383 42.372104
E 254 437 34.553862
E 254 271 12.084614
E 255 420 8.246860
E 255 470 15.828150
E 255 325 35.654079
E 255 285 17.867427
E 255 310 30.840115
E 256 488 10.610310
E 256 459 12.220304
E 256 399 38.966622
E 256 442 27.836783
E 256 348 36.934298
E 256 446 16.707368
E 256 383 123.545680
E 257 352 37.457210
E 257 426 42.513474
E 257 462 44.435533
E 257 351 32.716836
E 257 327 39.213791
E 258 428 44.285166
E 258 272 40.240217
E 258 368 34.243855
E 258 346 30.607670
E 258 411 270.321940
E 258 380 38.290673
E 259 416 40.844617
E 259 450 33.007412
E 259 484 28.308125
E 259 296 15.075696
E 259 328 23.786795
E 259 267 30.969377
E 259 397 24.593026
E 259 466 40.169912
E 260 450 42.789320
E 260 479 42.936066
E 261 408 32.702413
E 261 291 43.911280
E 261 382 4.685528
E 261 491 5.201209
E 262 320 28.074977
E 262 419 34.062501
E 262 326 36.814229
E 262 359 30.690005
E 262 392 32.230157
E 262 393 348.912976
E 262 395 38.704651
E 262 365 7.539078
E 262 406 23.503739
E 262 344 14.791157
E 262 478 9.849430
E 263 273 33.810314
E 263 474 18.949898
E 263 278 41.717029
E 263 431 41.590339
E 264 289 31.017828
E 264 414 499.966515
E 265 291 18.797954
E 265 298 485.589067
E 265 333 37.444055
E 265 306 8.712709
E 265 439 10.272581
E 265 379 31.644151
E 266 490 29.365254
E 266 332 27.881673
E 266 369 32.567461
E 266 498 33.641096
E 266 466 238.787499
E 266 373 430.613920
E 267 296 22.731595
E 267 300 29.597484
E 267 484 13.040913
E 267 416 29.728707
E 268 289 37.595815
E 268 315 249.320585
E 268 373 27.685167
E 268 294 25.660976
E 268 455 36.272993
E 269 377 177.005137
E 270 385 44.508379
E 270 323 75.593009
E 270 393 38.990733
E 270 305 38.197401
E 270 465 39.590878
E 270 372 27.187674
E 270 286 23.986324
E 271 360 266.575711
E 271 415 43.915152
E 271 387 15.128955
E 271 437 39.621261
E 271 383 41.137678
E 272 357 14.241677
E 272 453 252.713330
E 272 428 4.997479
E 272 378 7.081046
E 272 410 36.813874
E 272 310 31.540355
E 272 343 23.310737
E 272 346 13.060191
E 272 380 12.274386
E 273 473 36.822410
E 273 350 40.834182
E 273 471 23.558274
E 274 489 35.744958
E 274 418 34.370974
E 274 435 21.165211
E 274 316 193.339084
E 274 477 12.785723
E 275 356 41.615530
E 275 358 19.528905
E 275 495 5.955001
E 275 464 33.869951
E 275 277 20.705615
E 275 446 40.476301
E 276 419 330.416449
E 276 444 3.241049
E 276 325 28.289819
E 276 483 37.803864
E 277 464 16.343544
E 277 495 25.171211
E 277 356 34.114155
E 277 358 19.101424
E 277 343 41.134467
E 278 353 38.012673
E 278 426 524.513618
E 278 341 37.272852
E 278 322 8.290598
E 279 449 36.559057
E 279 324 34.835580
E 279 472 37.121245
E 279 360 33.955381
E 279 280 28.898873
E 279 318 327.309561
E 280 449 38.338257
E 280 324 7.746184
E 281 388 43.796403
E 281 326 42.643336
E 281 327 42.249714
E 281 424 37.140349
E 281 297 11.600377
E 281 426 23.649109
E 281 494 19.176847
E 281 367 16.496436
E 281 400 39.342566
E 281 432 17.940890
E 281 340 39.785364
E 282 433 19.489120
E 282 476 34.655317
E 282 420 40.393684
E 282 285 34.561425
E 282 470 34.430253
E 283 363 8.660053
E 283 339 40.942500
E 283 374 23.605462
E 284 384 17.060429
E 284 354 26.365097
E 284 421 40.087652
E 284 486 129.577277
E 284 492 4.561503
E 284 493 41.238473
E 284 447 40.562284
E 285 470 3.329250
E 285 483 43.428149
E 285 420 10.712296
E 285 325 39.688948
E 285 310 37.143775
E 286 385 25.194509
E 286 386 38.340271
E 286 395 350.018660
E 286 465 15.935242
E 286 371 23.797305
E 286 407 37.448999
E 287 454 39.062328
E 287 487 15.066054
E 287 461 16.061205
E 287 342 37.014211
E 287 312 40.389726
E 287 441 22.244297
E 287 315 42.167935
E 287 349 19.813962
E 288 354 36.109815
E 288 421 36.720254
E 288 425 31.587696
E 288 362 127.612919
E 288 394 35.929062
E 288 364 24.114319
E 288 335 26.386895
E 288 497 37.922647
E 288 404 42.776132
E 288 436 42.966881
E 288 468 34.367588
E 288 311 34.574120
E 289 294 24.260397
E 289 455 37.223201
E 290 401 240.464869
E 291 496 39.104122
E 291 354 252.503710
E 291 306 26.667066
E 291 333 34.174660
E 291 439 15.306207
E 292 396 37.710498
E 292 493 38.318911
E 292 366 26.158021
E 292 337 39.414135
E 292 409 235.553911
E 292 447 18.911332
E 293 369 33.775151
E 293 498 23.953247
E 294 373 41.991371
E 294 403 38.981663
E 294 317 395.838243
E 294 455 15.269364
E 295 481 43.310807
E 295 336 9.915284
E 295 437 43.941112
E 295 410 44.653516
E 295 476 22.560449
E 295 415 38.656151
E 296 416 43.689138
E 296 450 29.284212
E 296 484 26.904692
E 296 328 38.516750
E 296 397 39.234118
E 296 437 110.663306
E 297 388 32.228634
E 297 326 43.965164
E 297 424 44.053598
E 297 426 34.872609
E 297 494 11.010122
E 297 367 13.416934
E 297 400 27.876076
E 297 432 16.639758
E 297 313 339.283631
E 298 473 41.977290
E 298 499 25.884313
E 298 303 39.489913
E 299 348 27.091722
E 299 399 28.861643
E 300 416 10.039554
E 300 484 20.920239
E 300 453 32.129184
E 300 456 26.424854
E 300 458 20.796575
E 300 411 18.633681
E 300 412 33.637178
E 301 377 25.892940
E 301 468 117.966158
E 301 316 21.738297
E 302 349 38.174479
E 302 454 16.857622
E 303 304 41.648308
E 303 473 39.614684
E 303 482 25.069006
E 303 499 16.167375
E 303 429 30.029443
E 304 481 223.726565
E 304 482 16.641843
E 304 391 33.404317
E 304 429 14.055254
E 304 471 36.709879
E 304 473 34.703595
E 305 313 31.166806
E 305 323 42.978428
E 305 372 38.899617
E 306 379 23.645597
E 306 339 414.942402
E 306 333 37.552371
E 306 439 18.579787
E 307 321 31.555453
E 307 362 8.625914
E 308 345 31.810292
E 308 403 39.593629
E 309 408 44.651023
E 309 496 41.140316
E 309 452 15.112981
E 309 462 40.447231
E 309 414 35.062952
E 310 420 29.547418
E 310 357 18.547231
E 310 428 33.427260
E 310 378 35.581234
E 310 410 38.508901
E 310 470 33.848643
E 310 346 30.679353
E 310 380 43.809050
E 311 323 28.457487
E 311 360 41.487754
E 311 425 11.132509
E 311 331 43.229814
E 311 364 38.690558
E 311 335 36.389046
E 311 436 17.546140
E 311 468 36.833968
E 312 480 26.675617
E 312 457 43.795007
E 312 443 9.711344
E 312 461 30.582179
E 312 487 26.167098
E 313 323 42.584416
E 313 364 34.707509
E 313 335 31.488010
E 313 497 35.081006
E 313 468 23.372140
E 313 404 21.157840
E 313 436 39.853879
E 314 457 38.852524
E 314 338 17.368665
E 314 315 37.311798
E 314 389 218.444990
E 314 423 12.840293
E 315 480 39.152074
E 315 457 41.755745
E 315 342 44.715972
E 315 487 38.866097
E 316 377 11.761377
E 317 466 38.069554
E 317 434 30.387777
E 317 395 35.801150
E 317 486 25.960459
E 318 483 43.475054
E 318 422 25.894012
E 318 361 25.175456
E 318 479 33.262812
E 318 427 21.710386
E 318 460 14.239916
E 318 463 38.949619
E 318 319 41.966045
E 319 422 17.594582
E 319 361 17.980356
E 319 427 22.224929
E 319 430 39.899260
E 319 334 8.218151
E 319 463 37.297803
E 319 479 19.780573
E 320 419 32.473567
E 320 326 42.905107
E 320 359 25.382492
E 320 392 5.139346
E 320 365 23.150339
E 320 344 36.776071
E 320 478 34.782285
E 321 362 31.249947
E 321 324 222.586236
E 322 353 44.626867
E 322 341 29.937196
E 322 470 299.021007
E 323 425 39.358882
E 323 436 13.860923
E 323 468 38.540041
E 323 324 38.550414
E 323 335 44.160207
E 325 444 30.364173
E 325 483 27.722237
E 325 420 39.453911
E 325 470 41.042293
E 326 419 12.273375
E 326 356 176.846090
E 326 359 18.787053
E 326 327 33.757418
E 326 424 21.873165
E 326 426 42.407745
E 326 365 31.266719
E 326 367 30.664409
E 326 432 27.327495
E 326 340 24.514142
E 326 406 39.196500
E 326 344 25.704532
E 327 419 33.201882
E 327 359 38.071112
E 327 424 12.158616
E 327 426 23.561455
E 327 367 43.168865
E 327 495 225.620046
E 327 432 40.244995
E 327 340 9.246132
E 328 450 44.450651
E 328 486 35.215910
E 328 396 37.492963
E 328 397 1.106150
E 328 337 36.349213
E 328 434 23.910196
E 328 466 23.894555
E 329 434 142.317961
E 329 451 27.962101
E 329 493 28.982964
E 330 401 16.152562
E 331 360 27.531196
E 331 425 32.376783
E 331 354 33.938974
E 331 384 28.438506
E 332 498 43.054498
E 332 460 119.935588
E 333 485 40.418911
E 333 493 165.088801
E 333 496 11.403733
E 333 439 43.469184
E 333 475 18.722831
E 333 445 30.601838
E 334 422 25.738747
E 334 361 24.575746
E 334 427 28.643334
E 334 430 31.750209
E 334 463 44.564144
E 334 479 22.847685
E 335 456 84.570931
E 335 425 41.354867
E 335 394 37.498664
E 335 364 4.358954
E 335 497 20.453274
E 335 404 17.888508
E 335 436 32.394110
E 335 468 8.851865
E 336 417 37.286764
E 336 481 43.323114
E 336 390 378.614642
E 336 437 34.532385
E 336 476 31.439872
E 336 415 29.407343
E 337 416 41.491205
E 337 458 43.393933
E 337 396 1.713616
E 337 397 36.965912
E 337 366 19.824310
E 338 457 42.220226
E 338 445 43.676573
E 338 423 13.207253
E 339 418 32.098401
E 339 363 33.632956
E 339 438 40.241776
E 340 419 24.708290
E 340 359 30.252946
E 340 424 3.550748
E 340 426 26.043052
E 340 367 37.364552
E 340 432 34.127119
E 341 402 28.060050
E 341 350 30.280629
E 342 472 14.351715
E 342 441 20.036000
E 342 405 39.291671
E 343 357 34.130416
E 343 428 19.693902
E 343 378 17.347371
E 343 410 39.703883
E 343 368 37.941201
E 343 464 28.379373
E 343 346 34.208626
E 343 380 14.211038
E 344 419 27.656390
E 344 359 27.523442
E 344 392 41.704342
E 344 365 14.310596
E 344 406 16.619327
E 344 474 430.037486
E 344 478 21.428355
E 345 432 462.814804
E 345 386 33.024655
E 345 371 41.357100
E 345 403 11.245685
E 345 455 32.996444
E 346 378 20.006713
E 346 428 18.054883
E 346 380 20.481003
E 346 357 19.718136
E 347 402 37.874831
E 347 355 42.670029
E 347 398 16.127835
E 347 391 43.901808
E 348 488 28.540943
E 348 399 10.970863
E 349 441 29.053789
E 349 461 16.084975
E 349 454 21.899045
E 349 487 28.704971
E 350 402 32.451870
E 351 352 19.832654
E 351 452 41.704810
E 351 485 34.674106
E 351 448 33.272087
E 352 448 27.258357
E 352 393 341.357419
E 353 381 11.599383
E 354 384 20.261380
E 354 492 30.920852
E 354 421 24.649549
E 354 487 161.592958
E 355 489 16.044004
E 355 438 41.277700
E 356 410 42.074464
E 356 358 22.107578
E 357 458 222.422648
E 357 428 15.082854
E 357 380 26.106701
E 357 378 17.123015
E 357 410 29.712875
E 358 464 35.299456
E 358 418 392.094168
E 358 495 25.414692
E 359 419 7.151155
E 359 392 29.911620
E 359 424 29.683864
E 359 365 23.244278
E 359 366 134.231496
E 359 406 44.113785
E 359 478 40.528390
E 360 425 35.194918
E 360 405 37.564829
E 361 479 11.466331
E 361 427 4.259136
E 361 460 34.562058
E 361 422 10.564984
E 361 463 36.828018
E 363 374 26.069694
E 364 485 244.931543
E 364 425 42.637136
E 364 394 33.235974
E 364 497 18.166486
E 364 468 12.935934
E 364 436 36.157821
E 364 404 18.782471
E 365 392 27.855059
E 365 419 27.047805
E 365 478 17.310387
E 365 406 27.661035
E 366 458 42.967667
E 366 396 18.590038
E 366 447 38.956151
E 367 419 42.452552
E 367 388 37.563435
E 367 424 33.959483
E 367 426 32.841005
E 367 494 24.124040
E 367 400 34.507302
E 367 432 3.535704
E 368 380 34.897857
E 369 490 26.940818
E 369 498 23.769907
E 369 370 33.058277
E 369 467 36.025208
E 370 490 43.329579
E 370 467 21.693466
E 370 460 34.671063
E 370 405 350.746509
E 370 463 28.996491
E 371 385 24.122286
E 371 386 15.899012
E 371 428 467.105746
E 371 465 8.169103
E 371 403 33.784077
E 371 407 24.226178
E 372 393 17.040309
E 372 409 37.735888
E 373 407 36.019676
E 373 455 42.882963
E 373 375 40.632406
E 374 465 162.881287
E 375 412 255.545710
E 376 409 31.637627
E 378 464 44.514816
E 378 410 32.886281
E 378 428 2.407113
E 378 380 10.459299
E 378 479 151.785008
E 379 439 39.699301
E 380 464 42.452233
E 380 410 42.580180
E 380 428 11.553625
E 381 431 42.599606
E 382 408 28.695713
E 382 491 1.432436
E 383 387 38.671855
E 383 389 44.695454
E 384 492 20.119972
E 384 421 42.717490
E 385 465 23.557919
E 385 386 27.924964
E 385 407 16.157849
E 386 465 23.807029
E 386 455 30.683817
E 386 403 22.832841
E 386 413 444.226714
E 386 407 17.687850
E 387 395 44.205443
E 387 389 39.939294
E 388 400 5.175315
E 388 432 40.676699
E 388 494 28.183917
E 389 406 30.984720
E 390 393 40.206290
E 390 469 25.143924
E 392 419 37.052855
E 392 478 38.143472
E 393 409 27.656782
E 393 469 30.595461
E 394 497 26.044408
E 394 404 39.742590
E 394 421 42.872505
E 395 478 29.862560
E 396 416 42.904389
E 396 458 44.216804
E 396 397 38.077460
E 397 450 44.450076
E 397 434 22.809730
E 397 475 240.543478
E 397 466 22.865919
E 397 486 34.116441
E 398 402 28.473425
E 399 488 28.916352
E 400 432 37.789460
E 400 446 193.440652
E 400 494 23.116717
E 403 465 41.636509
E 403 455 24.627699
E 403 407 38.923343
E 404 497 13.969762
E 404 468 15.493000
E 404 436 43.561728
E 405 472 35.114077
E 405 451 32.806857
E 406 419 43.695930
E 406 478 22.991333
E 406 438 367.398181
E 407 465 28.684556
E 407 455 36.758507
E 408 491 29.227146
E 409 469 27.080703
E 410 476 43.475142
E 410 428 33.139323
E 411 416 18.962020
E 411 484 36.521986
E 411 453 19.178763
E 411 421 43.035629
E 411 456 11.788814
E 411 458 2.709536
E 411 412 16.745882
E 412 416 35.671207
E 412 453 8.854901
E 412 458 16.286961
E 412 421 26.481907
E 412 456 7.840723
E 413 426 37.583844
E 413 462 42.710640
E 414 452 30.639340
E 414 462 8.997843
E 415 417 38.205184
E 415 437 5.489915
E 416 456 29.749463
E 416 458 20.032609
E 416 484 17.848325
E 416 453 36.599457
E 417 466 34.386574
E 417 434 41.801972
E 417 481 35.926763
E 417 437 38.760088
E 417 486 30.944263
E 418 435 42.362554
E 419 424 23.606768
E 419 426 48.112108
E 419 478 43.836136
E 419 432 39.011874
E 420 468 304.696887
E 420 470 8.036721
E 421 456 33.591623
E 421 458 42.133534
E 421 492 43.959678
E 421 453 29.256711
E 422 479 21.372313
E 422 427 12.927815
E 422 460 30.853940
E 422 467 37.023117
E 422 463 26.363498
E 423 498 427.268668
E 424 432 30.684044
E 424 426 25.351115
E 425 468 43.866707
E 425 436 28.607733
E 426 432 31.541427
E 426 494 42.544711
E 427 479 12.479172
E 427 460 32.214065
E 427 463 38.348549
E 429 473 24.232218
E 429 482 8.867953
E 429 499 41.870573
E 429 471 31.355374
E 431 474 23.377885
E 432 494 27.490379
E 433 497 230.328791
E 433 476 44.432812
E 434 466 11.061956
E 434 486 12.800998
E 435 477 22.020073
E 436 468 28.571214
E 436 455 164.983392
E 438 489 40.363152
E 438 452 440.942745
E 440 492 188.242155
E 441 472 29.097545
E 441 461 35.966369
E 441 454 36.074415
E 441 487 36.906179
E 442 488 36.891056
E 442 459 17.011684
E 442 446 25.741579
E 443 480 34.391527
E 443 461 35.080902
E 443 487 34.131388
E 444 483 37.399886
E 445 496 38.172637
E 445 457 42.633651
E 445 475 14.474696
E 445 485 38.702433
E 446 488 26.525523
E 446 459 11.615683
E 446 495 34.972782
E 447 492 36.039850
E 447 493 19.495448
E 448 485 31.293528
E 450 481 32.198446
E 450 466 41.916751
E 452 462 32.764223
E 453 456 7.419327
E 453 458 19.969233
E 454 461 37.820335
E 456 458 12.573146
E 457 480 17.533227
E 458 484 37.809766
E 459 488 22.619268
E 460 479 44.629066
E 460 467 37.280451
E 460 483 34.843984
E 460 463 32.642033
E 461 487 15.120053
E 463 464 208.273945
E 463 490 37.812559
E 463 467 10.797597
E 464 495 36.548653
E 466 486 13.587878
E 467 490 30.450634
E 467 468 264.186257
E 468 497 23.926095
E 469 481 314.129917
E 471 473 14.753356
E 471 482 40.094026
E 473 482 31.679627
E 473 499 42.727320
E 475 496 24.184364
E 475 485 30.052533
E 476 481 39.456604
E 477 489 35.935631
E 480 487 35.334770
E 482 499 39.187066
E 485 496 36.040653
E 492 493 36.999990
S 416 63 397 428 226 244 
S 186 134 317 196 257 343 
S 399 35 
S 388 15 158 41 410 230 136 291 126 482 
S 424 81 
S 460 56 
S 256 370 
S 184 108 
S 435 75 
S 21 94 
S 478 192 
S 71 218 232 175 
S 327 268 227 85 
S 422 170 316 347 
S 421 391 404 97 6 146 120 303 
S 90 243 
S 147 352 
S 392 8 
S 377 139 222 474 
S 301 45 
S 176 364 
S 286 130 486 111 79 149 498 29 
S 129 141 
S 432 359 
S 39 288 
S 413 278 
S 461 329 345 294 320 137 457 267 
S 11 378 
S 180 477 
S 74 265 
S 98 466 18 229 107 217 451 426 393 491 84 114 
S 231 304 
S 201 331 
S 401 228 58 166 
S 398 444 396 
