N 500
E 0 1 192.020741
E 0 258 28.494721
E 0 251 42.725004
E 0 38 14.005618
E 1 99 18.854977
E 1 3 196.224487
E 1 259 38.173901
E 1 230 30.538816
E 1 105 12.339564
E 1 137 39.694509
E 1 364 20.975561
E 1 369 41.442271
E 1 338 38.941274
E 1 466 24.258791
E 1 284 38.376114
E 1 184 28.825273
E 1 441 10.946178
E 1 252 33.889995
E 1 190 23.746755
E 2 5 138.029625
E 2 142 37.939860
E 2 272 42.719596
E 2 273 15.155806
E 2 402 26.535870
E 2 147 30.303652
E 2 276 285.666114
E 2 429 12.372608
E 2 432 354.933200
E 2 306 32.798948
E 2 52 22.213083
E 2 53 26.269331
E 2 59 43.309972
E 2 200 32.862775
E 2 210 34.646109
E 2 84 30.906254
E 2 341 37.223429
E 2 119 15.884246
E 2 351 21.512999
E 2 481 27.533732
E 2 101 35.347611
E 2 368 18.454394
E 2 247 18.147440
E 2 380 22.476300
E 3 417 31.454795
E 3 130 28.420676
E 3 228 43.942469
E 3 36 37.530938
E 3 7 264.058083
E 3 423 26.576011
E 3 424 10.612525
E 3 138 27.931152
E 3 428 172.492491
E 3 269 31.944728
E 3 396 32.357235
E 3 375 36.278603
E 3 411 38.115308
E 4 259 42.640380
E 4 9 388.423967
E 4 234 30.580220
E 4 137 43.570729
E 4 201 43.699662
E 4 205 14.117252
E 4 209 35.681830
E 4 369 40.782832
E 5 128 20.135678
E 5 11 340.338284
E 5 238 24.117061
E 5 399 30.381166
E 5 80 3.908739
E 5 404 18.924494
E 5 86 278.632895
E 5 410 272.288553
E 5 187 25.430102
E 5 285 28.223976
E 5 222 38.748262
E 6 35 38.155679
E 6 388 41.882840
E 6 419 14.847540
E 6 154 12.783357
E 6 168 22.204369
E 6 9 35.653389
E 6 426 203.388242
E 6 107 43.836807
E 6 204 41.176785
E 6 13 323.651234
E 6 235 14.621673
E 6 456 35.848188
E 6 112 16.738082
E 6 50 31.998508
E 6 178 37.591807
E 6 58 34.043061
E 6 191 42.698661
E 7 354 35.983088
E 7 70 23.137362
E 7 266 14.214546
E 7 15 109.513278
E 7 401 15.105649
E 7 338 39.399324
E 7 85 37.477413
E 7 23 29.858521
E 7 217 26.990455
E 7 189 14.477001
E 8 192 24.047195
E 8 450 35.888186
E 8 68 25.631047
E 8 69 25.492901
E 8 17 308.236560
E 8 150 29.924789
E 8 374 27.487430
E 8 250 13.025725
E 9 419 31.053716
E 9 104 36.283120
E 9 168 14.289919
E 9 107 26.452876
E 9 204 26.076827
E 9 235 33.135313
E 9 14 43.606462
E 9 460 37.684720
E 9 178 5.296364
E 9 19 259.282407
E 9 154 29.684636
E 9 283 22.889008
E 9 188 301.841023
E 9 319 39.725823
E 10 194 18.400880
E 10 389 34.944002
E 10 488 27.180403
E 10 493 23.188610
E 10 430 26.575309
E 10 495 17.783168
E 10 277 39.361807
E 10 21 136.097229
E 10 279 33.948360
E 10 409 37.535702
E 10 474 26.332163
E 10 315 14.367486
E 10 158 13.799122
E 10 159 22.834353
E 11 138 85.544083
E 11 146 24.139438
E 11 21 34.561470
E 11 23 198.944489
E 11 408 33.621133
E 11 34 38.341667
E 11 162 37.002462
E 11 293 18.487516
E 11 166 30.736112
E 11 302 44.364968
E 11 431 28.908087
E 11 49 30.452802
E 11 308 38.839995
E 11 447 8.555387
E 11 320 39.856538
E 11 195 22.411173
E 11 197 41.511832
E 11 74 32.366838
E 11 459 213.884523
E 11 76 26.491290
E 11 223 29.311210
E 11 479 31.656319
E 11 126 20.710401
E 12 37 43.404187
E 12 47 43.728461
E 12 401 36.773295
E 12 338 28.768407
E 12 85 44.323677
E 12 25 316.627554
E 12 190 41.434509
E 13 384 24.567512
E 13 33 4.684321
E 13 65 27.252036
E 13 323 40.399085
E 13 47 197.610353
E 13 16 33.178578
E 13 241 10.954937
E 13 304 42.055324
E 13 211 34.520438
E 13 275 25.423322
E 13 498 37.746406
E 13 407 43.981451
E 13 376 41.707377
E 13 27 481.489955
E 13 94 42.304787
E 14 107 30.160357
E 14 43 35.336458
E 14 44 9.464883
E 14 204 33.119215
E 14 365 40.835275
E 14 18 30.379441
E 14 178 38.818827
E 14 179 43.415403
E 14 53 38.773565
E 14 341 32.547212
E 14 435 27.056291
E 14 29 266.046186
E 14 318 34.392601
E 14 351 43.564978
E 15 97 12.804112
E 15 193 39.770185
E 15 385 26.443102
E 15 357 33.244106
E 15 358 32.735098
E 15 328 40.722827
E 15 393 31.929054
E 15 242 38.573003
E 15 440 34.918672
E 15 31 144.182640
E 16 384 34.570861
E 16 65 39.845189
E 16 33 31.549647
E 16 241 35.596018
E 16 498 16.953634
E 16 211 24.671710
E 16 275 43.987483
E 16 407 11.888146
E 16 376 41.840397
E 16 251 38.256295
E 17 35 87.556722
E 17 487 40.978559
E 17 456 41.787146
E 17 41 30.925165
E 17 459 15.949356
E 17 365 44.153927
E 17 209 361.142885
E 17 180 11.085092
E 17 152 32.840235
E 17 249 44.693299
E 17 477 223.900763
E 17 191 8.375863
E 18 37 402.522001
E 18 454 209.361265
E 18 487 40.078260
E 18 170 42.943023
E 18 107 28.300253
E 18 43 9.858172
E 18 44 38.908823
E 18 204 29.778943
E 18 365 11.122018
E 18 400 28.385474
E 18 337 106.827504
E 18 435 9.259620
E 18 470 39.218715
E 18 318 6.641393
E 19 66 30.117556
E 19 39 360.565683
E 19 236 14.646322
E 19 111 38.440158
E 19 144 41.878093
E 19 83 39.684872
E 19 148 25.147288
E 19 309 13.911603
E 19 155 21.675306
E 19 28 22.770184
E 19 350 19.668763
E 20 225 15.348776
E 20 196 35.440650
E 20 100 27.751677
E 20 41 259.750257
E 20 42 23.997414
E 20 425 31.037774
E 20 457 40.967809
E 20 366 29.979970
E 20 115 33.743028
E 20 212 35.406728
E 20 467 38.347690
E 20 443 42.247107
E 20 348 33.994556
E 21 320 16.368110
E 21 98 281.089313
E 21 34 12.495672
E 21 195 37.997290
E 21 223 15.079355
E 21 293 16.461120
E 21 199 18.999859
E 21 447 39.350322
E 21 74 33.114299
E 21 43 253.846414
E 21 76 8.538055
E 21 302 29.223313
E 21 431 25.322851
E 21 114 18.385198
E 21 146 15.536141
E 21 310 33.007628
E 21 439 31.377835
E 21 411 43.622819
E 21 126 18.195723
E 21 95 35.724871
E 22 320 118.650237
E 22 423 39.792686
E 22 297 10.524657
E 22 172 41.804885
E 22 45 267.639843
E 22 396 35.984979
E 22 493 41.668440
E 22 375 35.539101
E 22 409 38.353822
E 22 26 29.752119
E 23 354 18.407176
E 23 70 13.649149
E 23 266 15.797912
E 23 47 91.456315
E 23 401 27.225059
E 23 85 26.909510
E 23 214 38.040370
E 23 217 28.326760
E 23 378 470.362411
E 23 189 41.675257
E 24 480 35.521225
E 24 257 247.907142
E 24 291 35.052023
E 24 487 31.374948
E 24 232 10.994797
E 24 41 32.751921
E 24 202 14.147260
E 24 400 43.861032
E 24 49 282.502738
E 24 180 41.378040
E 24 218 36.114330
E 24 446 41.224012
E 25 100 42.128423
E 25 389 38.302707
E 25 452 11.729858
E 25 486 32.652539
E 25 425 42.233578
E 25 496 21.468474
E 25 370 37.190816
E 25 115 25.121000
E 25 212 34.955572
E 25 51 281.600934
E 25 467 19.900380
E 25 344 28.045095
E 25 127 21.398686
E 26 423 24.004856
E 26 297 21.666933
E 26 396 33.480522
E 26 493 39.217657
E 26 464 29.706301
E 26 277 39.075645
E 26 53 234.742221
E 26 375 37.341966
E 26 437 44.004123
E 27 133 21.926307
E 27 264 18.517056
E 27 397 8.810586
E 27 280 31.531623
E 27 292 44.322572
E 27 295 28.753403
E 27 425 377.252441
E 27 173 10.317829
E 27 438 17.463372
E 27 55 288.677823
E 27 185 43.562409
E 27 64 25.641279
E 27 326 26.114747
E 27 71 40.561854
E 27 466 516.076019
E 27 229 26.134311
E 27 485 22.903059
E 27 103 42.107949
E 27 233 33.761618
E 27 121 14.612793
E 27 381 15.997766
E 27 255 38.056494
E 28 194 43.366746
E 28 265 317.174316
E 28 155 3.445229
E 28 236 9.405075
E 28 497 38.401177
E 28 83 38.457333
E 28 309 16.160406
E 28 279 36.067296
E 28 184 291.900212
E 28 57 144.899847
E 28 379 253.404556
E 28 220 36.721988
E 28 350 6.276289
E 29 66 17.828932
E 29 483 11.516784
E 29 144 22.056036
E 29 148 30.540000
E 29 55 41.039446
E 29 59 340.054743
E 30 322 31.291518
E 30 485 324.470263
E 30 198 42.279950
E 30 261 18.574484
E 30 360 15.527160
E 30 454 11.082259
E 30 394 44.217160
E 30 171 40.987294
E 30 455 42.709881
E 30 463 19.374739
E 30 305 216.728930
E 30 274 5.663062
E 30 281 38.859603
E 30 285 38.849634
E 30 61 258.217715
E 30 222 36.306931
E 31 416 35.999503
E 31 482 44.166313
E 31 134 26.532776
E 31 296 31.776161
E 31 330 41.082642
E 31 491 30.128420
E 31 45 40.752771
E 31 110 32.968026
E 31 79 42.089710
E 31 78 33.627580
E 31 499 33.014747
E 31 469 44.370899
E 31 89 18.777324
E 31 63 426.877764
E 32 480 41.966224
E 32 65 244.911561
E 32 363 29.015764
E 32 82 29.910620
E 32 409 32.167095
E 32 474 42.254961
E 33 384 19.914766
E 33 65 22.787368
E 33 226 41.666060
E 33 67 64.264584
E 33 323 36.286652
E 33 47 199.407129
E 33 304 38.026447
E 33 241 7.155391
E 33 498 34.240794
E 33 275 21.522904
E 33 211 36.279463
E 33 407 42.867281
E 33 376 37.023867
E 33 94 39.068803
E 34 320 28.641850
E 34 223 26.941227
E 34 163 42.423600
E 34 69 313.454361
E 34 293 23.396214
E 34 199 7.659887
E 34 234 153.484605
E 34 74 25.034614
E 34 76 14.034885
E 34 479 40.248639
E 34 302 17.070863
E 34 431 18.248011
E 34 433 41.733768
E 34 114 27.661959
E 34 146 25.956032
E 34 310 41.382948
E 34 439 24.120247
E 34 411 36.221893
E 34 126 17.931591
E 34 95 23.243034
E 35 131 43.036335
E 35 419 25.024205
E 35 154 27.763469
E 35 71 256.588467
E 35 167 30.764897
E 35 168 37.880244
E 35 235 24.225821
E 35 327 24.832561
E 35 460 32.487530
E 35 496 283.213248
E 35 112 36.522061
E 35 58 10.115281
E 35 319 28.212995
E 36 321 42.445510
E 36 130 38.777878
E 36 417 27.496284
E 36 228 21.970875
E 36 40 40.334655
E 36 73 203.277393
E 36 298 39.127848
E 36 424 35.946408
E 36 269 28.668998
E 36 342 34.510460
E 36 183 24.454410
E 36 62 37.487519
E 37 328 42.970688
E 37 490 33.857167
E 37 75 167.688978
E 37 47 31.103248
E 37 85 39.985909
E 37 186 15.305229
E 38 258 21.062395
E 38 251 38.661051
E 38 77 215.269390
E 39 356 28.472776
E 39 296 41.475464
E 39 203 37.081886
E 39 428 12.076658
E 39 301 40.332238
E 39 270 21.068690
E 39 79 90.475752
E 39 461 36.924308
E 39 473 28.886032
E 39 468 150.778842
E 39 343 24.337602
E 39 412 28.084477
E 39 475 28.609222
E 39 124 42.249820
E 39 61 42.957579
E 40 321 32.477568
E 40 420 39.802151
E 40 72 40.648801
E 40 108 30.315876
E 40 333 31.791008
E 40 208 39.699705
E 40 81 205.784711
E 40 149 39.240524
E 40 246 28.673019
E 40 183 20.689727
E 40 216 33.100456
E 40 278 24.418855
E 40 342 8.318125
E 40 413 40.187061
E 40 62 27.907360
E 40 383 225.010130
E 41 480 40.101142
E 41 487 43.233564
E 41 232 37.848508
E 41 202 42.800827
E 41 459 26.730696
E 41 83 199.738602
E 41 180 23.172997
E 41 152 35.117201
E 41 91 33.412720
E 41 222 210.400773
E 41 191 39.202072
E 42 225 13.971986
E 42 100 34.959295
E 42 165 22.769383
E 42 196 12.305540
E 42 425 36.787830
E 42 457 33.577126
E 42 268 86.791557
E 42 366 38.742186
E 42 239 263.288163
E 42 212 44.091020
E 42 85 377.342252
E 42 348 37.543339
E 43 487 37.520026
E 43 170 34.862840
E 43 362 388.915091
E 43 204 39.636449
E 43 107 38.120614
E 43 44 42.629467
E 43 365 14.966198
E 43 400 24.816783
E 43 435 8.380405
E 43 470 31.556600
E 43 87 108.125615
E 43 218 41.838616
E 43 318 3.506885
E 44 290 43.555906
E 44 107 38.865694
E 44 204 41.808653
E 44 272 36.785323
E 44 178 44.331778
E 44 179 35.892557
E 44 435 34.251207
E 44 53 31.068771
E 44 341 23.364932
E 44 89 232.388309
E 44 314 40.287590
E 44 59 82.529973
E 44 318 42.195348
E 44 351 35.842490
E 45 296 44.424493
E 45 110 12.529964
E 45 78 27.500485
E 45 79 13.387019
E 45 340 43.459979
E 45 469 38.357711
E 45 56 35.901559
E 45 89 32.470380
E 45 91 256.573931
E 45 476 12.059851
E 46 267 30.533692
E 46 175 37.834347
E 46 340 20.360026
E 46 468 33.877427
E 46 54 38.548142
E 46 56 30.024876
E 46 93 42.262002
E 47 385 43.770639
E 47 418 29.960687
E 47 440 30.872723
E 47 359 37.259447
E 47 328 11.879098
E 47 393 27.116138
E 47 490 16.622996
E 47 282 32.913892
E 47 240 32.214200
E 47 242 42.326267
E 47 116 35.214354
E 47 376 216.047004
E 47 186 43.564543
E 47 95 160.902579
E 48 97 386.302823
E 48 98 23.454124
E 48 225 289.804023
E 48 260 18.971324
E 48 291 33.813792
E 48 387 32.755426
E 48 391 42.176454
E 48 451 36.258586
E 48 176 2.485890
E 48 244 10.673627
E 48 213 18.968228
E 48 87 6.360001
E 48 219 42.255243
E 48 349 42.086907
E 48 157 30.862208
E 48 446 35.308917
E 49 99 81.512757
E 49 195 39.735397
E 49 197 31.836071
E 49 166 37.618862
E 49 75 26.410959
E 49 308 42.610511
E 49 408 40.780297
E 49 284 34.427257
E 49 253 28.349545
E 49 94 42.122511
E 49 447 26.992468
E 50 386 14.587219
E 50 419 39.279962
E 50 388 11.290934
E 50 101 203.050256
E 50 154 39.289765
E 50 327 42.123567
E 50 456 19.453252
E 50 298 28.760875
E 50 235 37.468923
E 50 108 40.848992
E 50 112 16.355339
E 50 249 37.746636
E 50 58 38.630610
E 50 62 39.723454
E 51 160 24.003661
E 51 164 17.599704
E 51 260 44.429683
E 51 103 120.484501
E 51 391 38.139867
E 51 361 8.883218
E 51 170 31.821861
E 51 139 16.583231
E 51 427 35.249590
E 51 206 43.730768
E 51 271 20.411019
E 51 243 39.742961
E 51 470 35.713818
E 51 377 12.358674
E 51 218 38.956771
E 51 349 30.364447
E 51 157 38.321756
E 51 446 38.668821
E 51 255 41.103257
E 52 272 22.595514
E 52 273 27.697947
E 52 402 40.064543
E 52 147 24.201486
E 52 429 24.993181
E 52 434 28.073039
E 52 179 43.993244
E 52 53 23.491948
E 52 59 34.332861
E 52 200 17.392419
E 52 210 12.749027
E 52 84 14.210552
E 52 341 25.804752
E 52 119 31.530110
E 52 351 20.445465
E 52 224 30.444094
E 52 481 42.120299
E 52 105 421.326436
E 52 368 37.168690
E 52 113 37.630814
E 52 247 29.282717
E 52 380 41.018528
E 53 200 40.880124
E 53 107 68.874413
E 53 429 16.822697
E 53 272 27.991524
E 53 273 16.728546
E 53 210 32.646670
E 53 179 44.095862
E 53 84 37.676332
E 53 405 445.175692
E 53 306 35.759936
E 53 119 21.084557
E 53 341 13.476283
E 53 368 44.586091
E 53 434 43.469869
E 53 247 42.925776
E 53 351 4.797221
E 54 109 291.669548
E 54 148 445.363365
E 54 340 23.303033
E 54 86 25.229507
E 54 56 23.931304
E 54 93 5.627807
E 55 483 40.617630
E 55 63 39.206121
E 55 111 90.314143
E 56 79 42.646815
E 56 113 297.165173
E 56 340 10.296236
E 56 86 44.618731
E 56 476 24.004740
E 56 93 29.558843
E 57 257 17.072657
E 57 444 16.724203
E 57 262 42.922165
E 57 331 41.338737
E 57 140 40.737731
E 57 268 21.988716
E 57 465 9.462283
E 57 115 72.750652
E 57 151 12.634453
E 57 442 39.367989
E 57 188 24.346264
E 58 386 41.980697
E 58 419 23.870880
E 58 167 29.222924
E 58 168 39.683804
E 58 327 18.844679
E 58 235 22.351319
E 58 460 41.950697
E 58 112 28.583329
E 58 208 42.429799
E 58 307 39.341699
E 58 117 325.377930
E 58 154 26.447083
E 58 319 37.896074
E 59 224 37.899708
E 59 481 39.625279
E 59 200 17.942687
E 59 368 44.068769
E 59 210 31.456940
E 59 147 13.008465
E 59 84 21.112499
E 59 402 37.110016
E 59 182 31.891127
E 59 119 58.647093
E 59 434 39.406754
E 59 247 31.830229
E 60 489 31.832301
E 60 300 29.074568
E 60 332 34.658067
E 60 207 21.672970
E 60 497 27.498425
E 60 83 32.959799
E 60 117 35.553728
E 60 118 21.720650
E 60 215 18.023537
E 60 121 348.899292
E 60 220 26.431514
E 61 355 19.239520
E 61 356 39.241665
E 61 301 29.087455
E 61 270 29.586917
E 61 303 26.078376
E 61 461 8.550444
E 61 403 28.118071
E 61 475 42.215795
E 61 88 36.980561
E 61 185 506.777137
E 61 122 38.000383
E 61 123 7.859735
E 61 412 27.249504
E 62 386 25.362210
E 62 228 41.204359
E 62 388 34.660092
E 62 298 27.136710
E 62 108 15.445713
E 62 208 29.497289
E 62 307 41.326164
E 62 278 44.284399
E 62 183 35.547701
E 62 342 20.467304
E 62 125 252.787980
E 63 489 23.629666
E 63 300 27.947609
E 63 207 34.182054
E 63 118 32.939926
E 63 248 35.350453
E 63 221 35.751995
E 63 127 105.164759
E 64 129 173.070589
E 64 449 32.271207
E 64 133 5.902466
E 64 198 336.258815
E 64 71 29.520108
E 64 229 43.133189
E 64 233 29.260017
E 64 264 11.209357
E 64 295 26.617818
E 64 427 31.783352
E 64 173 26.112826
E 64 397 27.530711
E 64 485 21.062407
E 64 438 8.272368
E 64 121 35.448563
E 64 410 26.270044
E 64 381 33.786727
E 64 255 32.064057
E 65 384 5.275277
E 65 450 427.874546
E 65 67 41.508731
E 65 131 349.247433
E 65 226 21.708681
E 65 323 14.583860
E 65 143 35.804437
E 65 304 16.655674
E 65 241 16.678537
E 65 498 31.513504
E 65 275 6.900714
E 65 341 398.533663
E 65 376 16.940110
E 65 442 112.190730
E 65 253 35.521339
E 65 94 22.242616
E 66 483 28.762082
E 66 133 229.438095
E 66 426 40.099417
E 66 236 44.430490
E 66 494 42.043239
E 66 111 37.683486
E 66 144 14.842944
E 66 148 13.027829
E 66 309 41.192885
E 66 287 37.618175
E 67 162 29.911719
E 67 195 40.341082
E 67 226 27.597422
E 67 323 28.898194
E 67 166 30.107139
E 67 135 468.910847
E 67 262 39.072737
E 67 324 10.367952
E 67 143 11.480339
E 67 304 27.807669
E 67 211 94.187578
E 67 254 37.032926
E 67 275 43.859008
E 67 308 22.075005
E 67 151 38.786174
E 67 376 32.350537
E 67 188 26.016958
E 67 253 40.778934
E 67 94 34.382586
E 68 192 31.443948
E 68 294 22.088254
E 68 135 30.259817
E 68 137 426.593006
E 68 150 28.456791
E 68 250 25.753647
E 69 192 21.457614
E 69 484 23.031255
E 69 139 359.040271
E 69 492 41.843710
E 69 174 42.996959
E 69 150 31.463820
E 69 374 2.003106
E 69 153 38.471429
E 69 250 37.667152
E 69 444 445.938849
E 70 288 463.514100
E 70 354 13.051649
E 70 425 370.844580
E 70 266 13.455523
E 70 141 226.671388
E 70 401 27.920001
E 70 85 37.278596
E 70 214 33.059218
E 70 217 14.868487
E 70 189 31.421782
E 71 449 19.811619
E 71 133 26.009403
E 71 229 38.423596
E 71 485 17.822108
E 71 264 38.214340
E 71 233 9.619953
E 71 173 32.594331
E 71 397 35.068110
E 71 143 418.084960
E 71 438 30.275134
E 71 280 42.402737
E 71 121 39.254643
E 71 410 25.042135
E 71 92 40.636777
E 72 448 34.295766
E 72 482 30.117659
E 72 478 30.030466
E 72 108 40.975619
E 72 208 34.762669
E 72 145 310.135920
E 72 307 32.560675
E 72 372 44.552989
E 72 278 18.521597
E 72 246 22.815053
E 72 216 31.428030
E 72 413 23.907526
E 72 286 39.461168
E 73 390 332.941598
E 73 383 14.546238
E 73 457 194.072958
E 73 106 31.105900
E 73 426 25.568109
E 73 334 26.338449
E 73 494 33.086595
E 73 144 44.015663
E 73 81 42.642309
E 73 82 43.940088
E 73 147 263.554029
E 73 145 39.755444
E 73 177 26.237737
E 73 245 35.705858
E 73 336 38.292069
E 73 120 35.831915
E 73 316 5.417803
E 73 287 25.287322
E 74 439 43.751886
E 74 223 41.675258
E 74 293 30.440871
E 74 408 25.296466
E 74 199 27.437768
E 74 447 40.916012
E 74 479 16.085965
E 74 76 27.193849
E 74 77 35.438919
E 74 302 16.885865
E 74 239 28.907515
E 74 431 7.852863
E 74 146 37.663491
E 74 149 80.625273
E 74 181 39.662905
E 74 311 32.518897
E 74 312 29.643009
E 74 477 33.453483
E 74 126 19.011820
E 74 95 25.361596
E 75 226 39.789079
E 75 230 33.905786
E 75 137 40.938126
E 75 304 43.836259
E 75 369 42.968411
E 75 275 42.084910
E 75 151 103.067387
E 75 284 28.683901
E 75 253 23.695137
E 75 94 33.009893
E 76 320 21.212902
E 76 98 289.626959
E 76 162 42.840651
E 76 195 33.448233
E 76 223 15.130891
E 76 293 9.510870
E 76 199 21.686834
E 76 447 32.030989
E 76 479 38.722328
E 76 203 138.871337
E 76 302 27.668128
E 76 431 19.391773
E 76 114 26.255948
E 76 370 128.630830
E 76 146 12.581288
E 76 310 40.862323
E 76 439 37.035663
E 76 153 299.430400
E 76 126 10.045048
E 76 95 35.783381
E 77 389 200.164972
E 77 479 40.371379
E 77 141 36.226208
E 77 302 32.364212
E 77 239 30.251326
E 77 431 41.261370
E 77 432 32.490123
E 77 433 43.978602
E 77 379 21.584140
E 77 181 30.711797
E 77 311 4.389852
E 77 312 17.949606
E 77 313 43.763373
E 77 155 248.287431
E 77 477 22.633108
E 77 95 28.810605
E 78 132 32.836298
E 78 330 22.549744
E 78 110 15.364058
E 78 79 17.526200
E 78 276 29.821518
E 78 469 13.168161
E 78 89 15.381781
E 78 476 38.458932
E 78 157 314.192188
E 79 330 39.575686
E 79 110 9.343634
E 79 276 32.923726
E 79 469 25.984297
E 79 89 28.174929
E 79 476 21.946104
E 79 190 245.468283
E 79 159 340.099169
E 80 128 17.519213
E 80 161 203.075913
E 80 238 27.529771
E 80 399 31.349657
E 80 404 15.030459
E 80 86 281.104656
E 80 187 21.529991
E 80 285 30.398242
E 80 222 41.226621
E 81 480 43.116882
E 81 418 397.242086
E 81 163 213.376622
E 81 422 14.310018
E 81 106 41.980661
E 81 336 9.843106
E 81 82 32.393604
E 81 382 12.722592
E 81 383 29.605297
E 82 165 235.923545
E 82 422 38.541261
E 82 383 30.979410
E 82 106 19.734119
E 82 363 42.167402
E 82 426 38.350985
E 82 334 26.709924
E 82 111 41.281828
E 82 336 39.210436
E 82 177 30.168143
E 82 494 34.198072
E 82 287 41.662471
E 83 167 312.551052
E 83 489 39.862131
E 83 236 33.559088
E 83 300 41.374274
E 83 207 37.082573
E 83 497 28.548388
E 83 309 27.780843
E 83 118 29.116051
E 83 155 35.055940
E 83 220 23.332041
E 83 350 42.708826
E 84 224 25.074789
E 84 481 41.577272
E 84 295 120.717672
E 84 200 3.269182
E 84 169 218.802624
E 84 429 37.428721
E 84 272 28.863754
E 84 113 33.075619
E 84 210 11.401870
E 84 147 14.497379
E 84 273 40.401497
E 84 341 38.255709
E 84 182 36.672839
E 84 119 43.662730
E 84 368 40.393814
E 84 402 39.106416
E 84 434 24.552210
E 84 247 29.304817
E 84 380 43.591005
E 84 285 135.495533
E 84 351 34.620232
E 85 266 27.958009
E 85 401 23.822148
E 85 186 42.640257
E 85 171 363.750470
E 86 88 42.936099
E 86 403 33.664416
E 86 93 22.062522
E 86 173 484.329258
E 86 303 37.780603
E 87 98 17.630233
E 87 291 40.173755
E 87 260 24.199773
E 87 387 28.178187
E 87 451 30.913740
E 87 391 43.408998
E 87 136 256.314039
E 87 264 93.045366
E 87 332 252.583343
E 87 175 410.812028
E 87 176 8.236062
E 87 244 16.432624
E 87 213 25.308886
E 87 436 40.706472
E 87 219 38.217038
E 87 157 36.897784
E 87 446 41.504935
E 88 461 41.064936
E 88 303 15.140985
E 88 177 429.366752
E 88 403 17.936145
E 88 122 14.776388
E 88 123 33.683877
E 89 132 40.066822
E 89 330 25.144546
E 89 110 20.864879
E 89 179 220.895072
E 89 276 44.494730
E 89 469 25.616761
E 89 476 44.527987
E 90 292 31.343781
E 90 103 36.459898
E 90 345 32.811989
E 90 430 369.418421
E 90 462 32.446022
E 90 339 2.199247
E 90 181 455.085625
E 90 185 37.091897
E 91 256 26.097295
E 91 458 38.037796
E 91 459 36.926653
E 91 172 20.594738
E 91 183 105.000662
E 91 152 27.175636
E 91 249 36.995510
E 92 449 21.220870
E 92 227 18.320098
E 92 451 37.900890
E 92 436 26.378549
E 92 185 100.754188
E 92 410 22.879343
E 92 219 27.885977
E 93 187 280.175518
E 93 148 449.669801
E 93 340 28.476894
E 94 384 27.472197
E 94 321 169.532668
E 94 226 7.098442
E 94 323 12.362488
E 94 324 33.333897
E 94 166 36.404187
E 94 143 35.372690
E 94 304 10.984881
E 94 241 31.926219
E 94 275 18.531297
E 94 308 32.275776
E 94 376 30.768969
E 94 253 13.775840
E 94 189 156.214610
E 95 439 24.583836
E 95 163 28.811882
E 95 293 43.971831
E 95 199 17.721772
E 95 479 40.044719
E 95 398 227.492393
E 95 239 44.082429
E 95 302 9.538356
E 95 431 25.246822
E 95 433 26.890891
E 95 371 40.855295
E 95 411 30.964071
E 95 311 29.191804
E 95 312 36.904372
E 95 379 42.704839
E 95 477 42.585468
E 95 126 34.350309
E 95 191 189.358869
E 96 193 405.729613
E 96 98 36.269909
E 96 387 37.879030
E 96 227 38.780974
E 96 451 32.920270
E 96 436 38.564490
E 96 219 43.674456
E 97 385 13.740416
E 97 195 149.160050
E 97 356 43.358760
E 97 357 32.770177
E 97 358 32.022199
E 97 359 40.954546
E 97 328 33.255088
E 97 393 21.215696
E 97 240 42.903303
E 97 242 25.770015
E 97 440 23.014912
E 98 387 13.253570
E 98 260 41.819504
E 98 197 350.436979
E 98 486 239.619404
E 98 451 27.912625
E 98 176 24.484890
E 98 244 31.188618
E 98 213 42.054698
E 98 436 39.491404
E 98 219 39.718577
E 99 259 22.021598
E 99 230 33.912381
E 99 199 147.816826
E 99 105 29.391439
E 99 137 32.126647
E 99 234 34.328098
E 99 364 9.049908
E 99 109 44.256662
E 99 464 212.012266
E 99 209 39.764656
E 99 338 42.652460
E 99 369 32.578540
E 99 466 15.528732
E 99 441 23.889913
E 99 190 29.424633
E 100 225 21.787881
E 100 201 286.627662
E 100 425 3.417351
E 100 457 21.725034
E 100 115 29.999143
E 100 212 9.158657
E 100 117 24.758577
E 100 467 22.900718
E 100 215 43.105589
E 100 313 290.207193
E 101 353 29.800184
E 101 482 284.441363
E 101 481 10.961880
E 101 325 29.403389
E 101 265 27.165901
E 101 203 353.095036
E 101 368 16.928546
E 101 402 13.498574
E 101 147 41.189718
E 101 247 23.535021
E 101 380 13.005016
E 101 125 32.741593
E 102 161 12.409742
E 102 450 27.837808
E 102 267 43.223050
E 102 205 392.341501
E 102 174 31.333977
E 102 175 21.959934
E 102 468 17.923761
E 102 373 9.858150
E 102 250 44.263452
E 102 476 90.840774
E 103 289 429.452661
E 103 449 79.123447
E 103 185 1.830742
E 103 292 5.125411
E 103 229 22.144977
E 103 326 16.017763
E 103 345 5.538731
E 103 396 308.010459
E 103 173 37.753195
E 103 397 36.626496
E 103 207 374.815342
E 103 462 8.353931
E 103 339 34.437368
E 103 280 17.593778
E 103 121 28.639571
E 104 290 10.485632
E 104 421 31.758469
E 104 415 26.393610
E 104 460 38.774392
E 104 209 419.284710
E 104 178 37.227105
E 104 179 29.066019
E 104 314 15.934912
E 104 283 16.243152
E 104 319 43.476726
E 105 230 25.929845
E 105 137 40.913846
E 105 364 33.066276
E 105 369 43.295415
E 105 466 36.598261
E 105 211 126.999469
E 105 284 28.845467
E 105 184 18.319549
E 105 441 7.423665
E 105 252 21.739534
E 105 190 33.460655
E 106 383 23.393083
E 106 394 308.313743
E 106 426 18.686728
E 106 334 7.251130
E 106 111 24.854954
E 106 494 15.076696
E 106 177 10.513234
E 106 213 102.374814
E 106 316 30.175591
E 106 441 329.282231
E 106 284 302.799006
E 106 287 22.044321
E 107 318 34.928052
E 107 168 32.950850
E 107 204 2.958859
E 107 365 31.299436
E 107 178 21.516271
E 107 435 34.155744
E 107 215 316.721937
E 107 312 247.591853
E 107 286 133.680283
E 107 191 43.090090
E 108 416 89.417934
E 108 386 26.927282
E 108 388 40.025401
E 108 167 44.084797
E 108 327 36.634037
E 108 298 38.830158
E 108 208 14.130890
E 108 307 25.939864
E 108 278 37.252389
E 108 342 26.147673
E 108 217 323.868204
E 109 259 39.805420
E 109 201 18.690404
E 109 234 40.727016
E 109 364 41.681433
E 109 209 26.693003
E 109 466 41.314905
E 109 471 22.269753
E 109 346 32.253828
E 109 219 498.795713
E 110 330 37.645679
E 110 276 39.074221
E 110 469 27.371174
E 110 476 24.259431
E 110 221 473.605930
E 110 190 238.296248
E 111 223 206.766968
E 111 383 44.299333
E 111 426 19.760033
E 111 334 22.537646
E 111 494 12.456543
E 111 144 34.546409
E 111 177 20.419521
E 111 148 25.124429
E 111 316 41.325185
E 111 446 138.338976
E 111 287 21.177573
E 112 225 313.611423
E 112 386 28.559839
E 112 419 23.081416
E 112 388 27.298470
E 112 327 39.141562
E 112 168 37.074001
E 112 456 27.413804
E 112 235 21.368889
E 112 154 22.952781
E 113 224 8.003507
E 113 290 43.636357
E 113 227 228.606934
E 113 200 33.651299
E 113 378 28.612899
E 113 272 25.041081
E 113 337 15.733949
E 113 210 25.232659
E 113 338 436.800641
E 113 179 28.653293
E 113 341 43.210932
E 113 182 29.859329
E 113 434 9.559336
E 113 314 38.570975
E 114 320 11.896934
E 114 439 33.973195
E 114 229 376.452095
E 114 293 31.177100
E 114 199 30.822918
E 114 263 39.654715
E 114 138 37.035712
E 114 302 44.382790
E 114 431 43.509766
E 114 146 25.765995
E 114 310 14.640158
E 114 254 39.984376
E 114 411 44.113543
E 114 126 36.277082
E 114 223 21.344991
E 115 225 41.337800
E 115 452 33.103442
E 115 486 36.535080
E 115 231 88.543289
E 115 425 32.103841
E 115 370 39.572532
E 115 467 13.982923
E 115 212 28.281378
E 115 443 28.133249
E 116 352 31.765022
E 116 385 38.385016
E 116 418 6.875126
E 116 355 28.398692
E 116 357 72.113524
E 116 359 10.131262
E 116 328 31.917525
E 116 233 511.684345
E 116 393 29.910075
E 116 490 23.377331
E 116 301 31.110795
E 116 399 351.555922
E 116 240 6.309571
E 116 335 32.117628
E 116 242 27.642067
E 116 440 26.279851
E 116 282 2.769101
E 116 123 42.011350
E 116 476 134.784553
E 117 225 41.002959
E 117 425 21.365340
E 117 457 18.226745
E 117 235 319.294416
E 117 467 37.888174
E 117 212 21.899817
E 117 215 18.662326
E 118 326 352.516995
E 118 489 12.392727
E 118 300 12.484216
E 118 237 145.668194
E 118 332 31.061741
E 118 207 8.454301
E 118 497 41.790494
E 118 215 37.172279
E 118 248 43.165205
E 118 220 38.272565
E 118 221 40.974540
E 119 481 40.238044
E 119 393 403.385275
E 119 429 6.578808
E 119 142 27.145953
E 119 239 343.242332
E 119 368 29.385045
E 119 273 4.607118
E 119 210 44.076532
E 119 243 44.714030
E 119 306 18.714055
E 119 341 34.511774
E 119 402 39.927937
E 119 247 33.346814
E 119 380 32.745879
E 119 351 17.944012
E 120 129 11.719894
E 120 266 488.949169
E 120 366 258.887853
E 120 241 346.334590
E 120 145 12.750188
E 120 245 20.035457
E 120 250 501.530323
E 120 316 35.194553
E 121 448 317.581120
E 121 292 31.645683
E 121 133 30.200358
E 121 229 11.850585
E 121 295 43.365313
E 121 264 31.520454
E 121 233 30.318788
E 121 326 12.879763
E 121 345 34.000288
E 121 485 22.544872
E 121 173 9.413660
E 121 397 7.997089
E 121 462 36.958128
E 121 243 75.786521
E 121 438 27.475286
E 121 280 16.974070
E 121 185 29.906678
E 121 381 28.065147
E 122 355 41.081024
E 122 461 44.507625
E 122 303 25.590116
E 122 211 309.696670
E 122 403 29.665626
E 122 245 481.586024
E 122 123 32.060016
E 123 355 15.174611
E 123 356 42.149237
E 123 359 41.181313
E 123 301 29.041957
E 123 270 34.229905
E 123 303 25.763007
E 123 461 16.374101
E 123 403 28.866432
E 123 406 225.729792
E 123 247 409.224080
E 123 282 44.544536
E 123 412 35.070434
E 124 356 44.665930
E 124 357 27.880931
E 124 358 28.330376
E 124 313 38.984801
E 124 424 133.772437
E 124 203 28.059984
E 124 492 209.866444
E 124 299 10.676104
E 124 428 30.502529
E 124 367 11.015830
E 124 305 31.343597
E 124 249 190.634118
E 125 353 6.071837
E 125 481 42.660730
E 125 325 18.155179
E 125 391 105.064675
E 125 265 5.668040
E 125 142 43.771757
E 125 368 41.777049
E 125 251 464.453508
E 125 380 38.518502
E 125 479 396.131486
E 126 320 30.769121
E 126 195 34.471961
E 126 420 84.644792
E 126 293 11.505303
E 126 199 24.828438
E 126 447 28.074216
E 126 479 28.838186
E 126 203 133.382198
E 126 302 25.058783
E 126 431 11.955502
E 126 146 18.680179
E 126 439 42.011780
E 126 408 35.884899
E 126 253 67.593278
E 126 223 22.941642
E 127 255 297.161810
E 127 452 21.592332
E 127 389 29.534615
E 127 495 43.790666
E 127 496 2.888742
E 127 497 32.341556
E 127 467 37.041609
E 127 279 28.957179
E 127 344 15.676351
E 127 220 36.896704
E 127 159 38.952070
E 128 257 421.669085
E 128 414 150.149846
E 128 238 43.998808
E 128 404 13.175325
E 128 187 18.877682
E 128 285 30.718600
E 128 222 41.579276
E 129 145 14.719190
E 129 259 419.120122
E 129 245 27.063680
E 130 321 36.779378
E 130 439 28.702036
E 130 163 18.747191
E 130 420 34.855582
E 130 261 240.037535
E 130 294 339.748679
E 130 424 17.828398
E 130 138 41.544003
E 130 433 21.395523
E 130 371 28.456991
E 130 183 40.276016
E 130 411 16.543842
E 131 421 15.260722
E 131 319 18.590933
E 131 263 245.120648
E 131 460 18.058020
E 131 283 39.539656
E 131 415 23.419426
E 132 453 44.044118
E 132 265 311.584653
E 132 330 16.017316
E 132 395 28.475857
E 132 398 29.515035
E 132 276 27.519128
E 132 469 21.041555
E 132 414 42.081223
E 133 449 32.379552
E 133 229 37.372867
E 133 198 339.754150
E 133 295 29.377818
E 133 264 12.268610
E 133 233 24.322708
E 133 326 43.021017
E 133 267 420.316199
E 133 427 37.522441
E 133 173 20.791994
E 133 397 22.433444
E 133 485 15.340384
E 133 438 5.183427
E 133 280 43.140381
E 133 410 28.068388
E 133 381 32.524936
E 133 255 35.953539
E 134 416 18.046690
E 134 482 43.473490
E 134 296 26.814103
E 134 329 24.038586
E 134 203 34.033883
E 134 491 12.840489
E 134 269 157.965904
E 134 305 36.197394
E 134 499 16.918497
E 134 472 38.493604
E 135 294 27.993642
E 135 271 414.535704
E 136 262 18.285631
E 136 231 13.568196
E 136 263 32.672503
E 136 237 34.360130
E 136 368 354.067370
E 136 273 323.794883
E 136 437 38.220601
E 136 310 42.720798
E 136 151 43.616294
E 136 442 36.052795
E 136 254 30.248992
E 137 259 20.445062
E 137 230 20.229186
E 137 234 23.902515
E 137 364 41.082465
E 137 205 31.870224
E 137 209 39.844421
E 137 369 2.988816
E 137 275 68.197343
E 137 441 33.765424
E 137 284 35.274681
E 138 439 39.676726
E 138 423 35.704619
E 138 424 30.255137
E 138 263 34.155741
E 138 464 30.682226
E 138 277 60.260889
E 138 310 28.024749
E 138 437 34.471290
E 138 411 39.456539
E 139 160 12.312988
E 139 164 32.432719
E 139 295 36.475727
E 139 391 27.222679
E 139 361 23.095385
E 139 427 18.698713
E 139 300 295.061084
E 139 206 39.327289
E 139 271 32.724252
E 139 243 38.731359
E 139 279 244.076184
E 139 377 25.258542
E 139 349 40.093156
E 139 157 44.433438
E 139 255 27.525340
E 140 257 27.250781
E 140 331 7.942994
E 140 268 18.828503
E 140 366 40.007091
E 140 465 32.351253
E 140 472 271.811911
E 140 281 462.000860
E 140 443 20.837987
E 140 444 26.115530
E 141 321 37.349805
E 141 420 32.321032
E 141 333 30.485997
E 141 305 44.715301
E 141 371 33.571019
E 141 379 15.621303
E 141 149 23.792651
E 141 311 40.489756
E 141 472 42.756840
E 141 313 17.915697
E 141 283 200.480565
E 142 265 41.914489
E 142 429 33.617942
E 142 206 23.199657
E 142 368 39.165935
E 142 273 31.635145
E 142 306 11.848004
E 142 243 19.134095
E 142 380 40.076208
E 142 285 192.534311
E 142 351 44.421027
E 143 384 38.537283
E 143 162 41.383370
E 143 226 28.292003
E 143 323 26.240617
E 143 324 21.547624
E 143 166 40.725047
E 143 304 26.020990
E 143 275 39.739063
E 143 308 32.595645
E 143 151 36.881760
E 143 376 23.220970
E 143 251 43.650276
E 143 188 22.806333
E 143 287 244.230610
E 144 289 435.552945
E 144 483 28.806489
E 144 426 29.673029
E 144 334 41.299564
E 144 494 34.336104
E 144 145 40.876781
E 144 177 37.740665
E 144 148 17.777608
E 144 316 38.602732
E 144 287 26.595067
E 145 291 133.961361
E 145 316 37.379370
E 145 245 32.706335
E 145 483 41.266338
E 146 320 15.727911
E 146 162 30.369444
E 146 195 22.474311
E 146 293 7.885989
E 146 166 34.911879
E 146 199 33.404568
E 146 447 26.349648
E 146 302 40.221467
E 146 431 30.293203
E 146 370 118.730539
E 146 308 41.662443
E 146 310 38.886612
E 146 440 167.358665
E 146 254 34.975533
E 146 223 5.316182
E 147 224 38.090893
E 147 481 30.371609
E 147 295 116.777454
E 147 200 12.665171
E 147 429 40.555827
E 147 272 43.038623
E 147 273 43.688279
E 147 210 25.856917
E 147 368 32.554521
E 147 402 27.784691
E 147 434 38.282850
E 147 182 41.127122
E 147 247 20.223904
E 147 380 34.816545
E 147 348 467.963537
E 147 351 42.206914
E 148 483 40.885946
E 148 297 123.515701
E 148 426 31.592042
E 148 236 39.642496
E 148 334 41.256321
E 148 494 31.348511
E 148 177 37.864636
E 148 309 38.548948
E 148 350 42.144148
E 148 287 29.899889
E 149 321 15.230019
E 149 163 40.595560
E 149 483 299.836544
E 149 420 13.742404
E 149 472 42.667361
E 149 299 66.849422
E 149 333 8.185093
E 149 433 39.755009
E 149 371 21.950643
E 149 246 40.707321
E 149 183 35.156914
E 149 216 34.198362
E 149 313 38.082392
E 149 379 37.322373
E 150 192 10.027872
E 150 484 35.137369
E 150 294 30.453150
E 150 301 260.638098
E 150 374 32.272049
E 150 343 206.010678
E 150 250 40.425534
E 151 257 29.049608
E 151 444 28.507736
E 151 262 32.190446
E 151 268 34.533609
E 151 303 311.989590
E 151 465 21.379946
E 151 442 41.688161
E 151 188 14.108208
E 152 256 23.378752
E 152 388 43.249231
E 152 456 29.722896
E 152 458 27.895917
E 152 459 17.117557
E 152 172 29.236891
E 152 305 183.368826
E 152 402 195.063753
E 152 180 37.195036
E 152 249 16.219651
E 152 191 38.074990
E 153 352 263.545036
E 153 484 27.967466
E 153 198 27.502253
E 153 455 40.322366
E 153 392 30.834174
E 153 169 15.947996
E 153 492 4.538646
E 153 307 155.248352
E 153 374 36.519263
E 153 281 42.852141
E 153 414 37.605445
E 154 419 2.741833
E 154 390 120.036811
E 154 327 44.528931
E 154 168 15.483216
E 154 235 4.139521
E 154 204 43.427291
E 154 460 40.613461
E 154 178 33.180502
E 154 309 257.840102
E 154 319 39.043833
E 155 392 390.003189
E 155 236 7.311673
E 155 497 36.398611
E 155 309 13.292289
E 155 279 38.573349
E 155 184 294.560596
E 155 220 34.363181
E 155 311 248.720399
E 155 350 8.558484
E 156 261 42.257521
E 156 390 25.148597
E 156 360 42.959476
E 156 394 15.550299
E 156 171 23.648670
E 156 406 24.190848
E 156 313 188.795537
E 156 347 20.394617
E 156 285 39.152123
E 156 222 29.424372
E 157 160 38.401922
E 157 322 309.309893
E 157 291 11.569406
E 157 164 28.051426
E 157 260 14.486680
E 157 391 39.300723
E 157 232 40.634199
E 157 170 36.371440
E 157 202 43.129054
E 157 271 21.254694
E 157 176 30.021566
E 157 244 25.660749
E 157 213 13.465757
E 157 470 39.878033
E 157 377 27.082927
E 157 218 31.646597
E 157 315 189.777724
E 157 349 11.335346
E 157 446 5.631966
E 158 194 28.215470
E 158 389 24.415244
E 158 488 15.151861
E 158 493 32.753142
E 158 430 12.883190
E 158 495 13.609439
E 158 277 34.494546
E 158 279 29.336908
E 158 344 37.837247
E 158 474 39.985643
E 158 315 9.801951
E 158 317 158.588954
E 158 159 15.568274
E 159 194 26.691790
E 159 452 41.029515
E 159 389 12.994627
E 159 488 26.391890
E 159 430 19.923070
E 159 495 5.655617
E 159 496 41.695483
E 159 475 322.913614
E 159 279 13.880063
E 159 344 24.073926
E 159 474 44.193347
E 159 315 8.475067
E 159 319 264.111250
E 160 321 259.710719
E 160 164 35.188644
E 160 260 35.852512
E 160 295 41.868940
E 160 391 15.104754
E 160 361 32.323412
E 160 427 17.219372
E 160 271 32.981159
E 160 377 27.445146
E 160 349 37.213719
E 160 446 41.945811
E 160 255 34.186264
E 161 289 34.594061
E 161 450 37.265445
E 161 323 379.885608
E 161 267 32.748080
E 161 174 20.235222
E 161 175 11.652457
E 161 468 15.945136
E 161 373 21.761543
E 162 320 34.824765
E 162 226 44.418960
E 162 195 14.658298
E 162 324 20.635741
E 162 325 413.702148
E 162 166 14.935292
E 162 358 152.245997
E 162 262 33.676686
E 162 293 35.181745
E 162 447 31.002081
E 162 308 16.040885
E 162 254 17.511890
E 162 223 29.958260
E 163 321 34.301440
E 163 420 28.904613
E 163 199 34.777970
E 163 327 128.776957
E 163 424 35.823247
E 163 302 37.290784
E 163 433 2.663811
E 163 371 18.773856
E 163 439 22.143529
E 163 411 13.691200
E 164 291 33.585056
E 164 260 39.062043
E 164 487 41.626236
E 164 329 272.648313
E 164 170 16.216902
E 164 361 19.619347
E 164 271 6.883520
E 164 400 38.582879
E 164 436 84.047440
E 164 213 41.512555
E 164 470 20.561451
E 164 377 7.745208
E 164 218 21.512238
E 164 349 17.259085
E 164 446 26.093582
E 165 225 36.656549
E 165 362 66.114219
E 165 331 85.621758
E 165 196 10.489816
E 165 348 43.373110
E 166 320 44.483690
E 166 226 34.077627
E 166 195 12.480092
E 166 323 41.222321
E 166 293 36.675585
E 166 324 19.861296
E 166 447 22.712904
E 166 333 145.372743
E 166 304 39.061372
E 166 308 8.129716
E 166 475 223.899400
E 166 253 31.277703
E 166 254 32.424065
E 166 223 36.715711
E 167 448 41.774877
E 167 327 14.701439
E 167 495 239.768702
E 167 208 30.480357
E 167 335 266.402729
E 167 307 20.186035
E 167 372 40.157063
E 167 286 34.586149
E 168 419 17.092579
E 168 235 19.137438
E 168 204 31.330366
E 168 460 37.338688
E 168 337 99.562731
E 168 178 17.737658
E 168 283 32.858450
E 168 319 37.647516
E 169 322 32.023791
E 169 484 32.698568
E 169 198 13.998757
E 169 455 29.562572
E 169 392 26.857836
E 169 492 11.460140
E 169 339 354.654305
E 169 281 30.589979
E 170 291 36.887506
E 170 446 32.189411
E 170 487 26.510617
E 170 232 35.898268
E 170 361 30.025704
E 170 365 38.570694
E 170 271 20.151024
E 170 400 22.371341
E 170 435 42.791193
E 170 341 89.460104
E 170 470 4.382381
E 170 377 23.957753
E 170 218 10.838066
E 170 349 25.355344
E 170 318 36.823731
E 171 261 22.979554
E 171 198 41.009713
E 171 390 9.235315
E 171 360 25.462791
E 171 392 40.797549
E 171 394 22.838015
E 171 455 26.731854
E 171 406 12.860659
E 171 343 180.117352
E 171 347 30.659197
E 171 285 42.316826
E 171 222 31.281660
E 172 256 10.426526
E 172 417 39.174125
E 172 228 40.212627
E 172 249 28.713342
E 172 458 21.775567
E 172 396 38.511650
E 172 269 38.177628
E 172 429 185.204938
E 172 375 33.187036
E 172 345 275.134994
E 173 292 40.973965
E 173 229 18.189775
E 173 326 22.238403
E 173 295 37.192865
E 173 264 23.274379
E 173 233 24.695788
E 173 345 43.189901
E 173 485 14.894215
E 173 397 2.475053
E 173 438 18.294194
E 173 280 23.997255
E 173 185 38.916377
E 173 347 290.349666
E 173 381 26.265750
E 174 289 21.465209
E 174 453 27.808570
E 174 267 32.559376
E 174 398 43.366346
E 174 175 21.876734
E 174 336 397.098933
E 174 468 33.618009
E 174 373 41.176376
E 174 374 43.402972
E 174 349 353.538301
E 174 414 33.219166
E 175 289 27.935510
E 175 453 40.851634
E 175 267 21.392528
E 175 468 13.183010
E 175 373 29.482832
E 175 351 311.960651
E 176 353 152.628749
E 176 225 288.005194
E 176 291 32.207045
E 176 260 19.035966
E 176 421 206.476336
E 176 387 32.942482
E 176 391 43.845187
E 176 446 34.214163
E 176 451 38.631655
E 176 244 8.317032
E 176 213 17.586641
E 176 349 41.326079
E 176 382 43.137404
E 177 355 392.635083
E 177 287 11.531163
E 177 426 8.185295
E 177 334 3.586073
E 177 494 8.032555
E 177 316 23.672000
E 177 284 308.845167
E 177 383 23.898976
E 178 419 34.824045
E 178 357 261.190653
E 178 235 36.874169
E 178 204 21.416167
E 178 460 42.682300
E 178 462 219.998099
E 178 283 25.545857
E 178 188 302.757858
E 179 224 31.712169
E 179 290 19.706579
E 179 359 352.952462
E 179 378 35.625851
E 179 272 21.397730
E 179 337 33.348373
E 179 210 37.339106
E 179 434 28.762806
E 179 341 30.889023
E 179 314 13.609188
E 179 283 43.989987
E 180 487 32.479396
E 180 232 40.047062
E 180 361 88.235584
E 180 459 20.581477
E 180 365 42.828053
E 180 400 39.539361
E 180 372 160.349467
E 180 191 17.835176
E 181 193 36.869256
E 181 197 41.929279
E 181 408 30.751244
E 181 363 240.642567
E 181 239 11.541680
E 181 432 7.134880
E 181 311 26.902177
E 181 312 14.457707
E 181 477 8.722628
E 181 479 31.255308
E 182 224 28.115206
E 182 200 34.525932
E 182 365 135.570824
E 182 337 34.282405
E 182 210 38.258128
E 182 434 31.975249
E 183 321 21.708478
E 183 420 28.490218
E 183 333 31.002437
E 183 367 103.904845
E 183 371 35.431876
E 183 342 19.535394
E 183 278 43.751158
E 184 193 29.600098
E 184 197 37.733797
E 184 230 38.682185
E 184 369 59.561712
E 184 437 170.709260
E 184 284 33.442620
E 184 441 25.396478
E 184 252 10.269582
E 184 190 42.913838
E 185 289 431.275278
E 185 292 5.889338
E 185 229 22.829933
E 185 326 17.447681
E 185 397 37.870838
E 185 462 7.412599
E 185 371 373.578291
E 185 339 35.112971
E 185 280 17.975216
E 185 345 4.995118
E 185 478 349.426511
E 186 490 41.184535
E 186 373 266.091080
E 187 399 42.023647
E 187 404 7.178560
E 187 375 267.994535
E 188 257 41.415549
E 188 324 34.422737
E 188 262 34.309161
E 188 268 44.258679
E 188 465 30.712470
E 188 376 42.128068
E 188 377 319.112347
E 188 444 36.780417
E 188 254 44.678020
E 189 354 42.455598
E 189 456 341.277133
E 189 266 27.245069
E 189 401 29.013186
E 189 338 38.638638
E 189 466 43.899232
E 189 217 27.805634
E 189 379 191.632398
E 190 441 34.580496
E 190 338 15.212044
E 190 364 22.826539
E 190 381 498.420164
E 190 466 19.060000
E 191 487 42.906732
E 191 456 40.903501
E 191 459 22.288078
E 191 204 40.662191
E 191 365 40.132415
E 191 209 364.430836
E 191 383 145.213526
E 192 385 278.717344
E 192 484 28.646214
E 192 294 38.829639
E 192 374 22.334827
E 192 343 196.041483
E 192 250 36.227676
E 193 432 35.987199
E 193 387 368.065095
E 193 252 31.801396
E 193 197 38.774897
E 193 239 41.853575
E 194 389 39.338752
E 194 488 43.301103
E 194 493 35.300834
E 194 430 40.363712
E 194 495 21.439826
E 194 279 30.303622
E 194 409 38.576230
E 194 474 19.579466
E 194 315 21.515325
E 194 350 40.692127
E 195 320 33.244384
E 195 324 30.018589
E 195 293 24.404203
E 195 358 137.819681
E 195 391 331.789846
E 195 447 16.498879
E 195 308 19.768905
E 195 253 41.401855
E 195 254 29.684067
E 195 223 24.632145
E 196 225 26.166749
E 196 422 264.526264
E 196 393 366.286472
E 196 457 40.724096
E 196 366 43.179725
E 196 348 39.703900
E 197 395 232.280750
E 197 239 35.479516
E 197 284 35.247780
E 197 408 20.442945
E 197 252 28.628459
E 197 479 29.551375
E 198 322 33.026050
E 198 261 33.024431
E 198 390 41.726507
E 198 455 16.081747
E 198 360 36.549383
E 198 392 19.622809
E 198 492 23.135856
E 198 397 341.596213
E 198 463 44.319661
E 198 281 34.786131
E 199 320 34.213850
E 199 293 31.052334
E 199 234 159.702189
E 199 479 43.417954
E 199 302 14.530957
E 199 399 293.798308
E 199 431 22.150034
E 199 433 34.074045
E 199 310 43.206388
E 199 439 17.530150
E 199 411 29.204776
E 199 223 33.960333
E 200 224 25.676496
E 200 481 41.300885
E 200 429 40.060462
E 200 272 31.580941
E 200 401 492.323377
E 200 210 13.947085
E 200 273 43.076974
E 200 368 41.003704
E 200 341 41.492077
E 200 402 38.775671
E 200 247 29.453415
E 200 434 25.650586
E 200 380 44.001590
E 200 285 135.710364
E 200 351 37.745630
E 201 259 33.789341
E 201 234 29.068825
E 201 205 35.175213
E 201 209 12.575650
E 201 403 250.000797
E 201 471 10.439329
E 201 346 21.752802
E 202 480 29.827735
E 202 291 31.572855
E 202 446 39.487871
E 202 422 34.178420
E 202 487 44.028696
E 202 232 22.199413
E 202 363 44.150974
E 202 244 43.334976
E 202 213 40.752189
E 202 405 308.727461
E 202 218 43.530605
E 202 382 44.287651
E 203 416 41.656384
E 203 296 39.077373
E 203 329 29.690403
E 203 299 30.007403
E 203 428 31.163635
E 203 491 41.086697
E 203 367 33.852878
E 203 305 15.511586
E 203 499 43.219116
E 203 407 272.303652
E 203 472 44.111610
E 203 313 41.637047
E 203 343 42.194410
E 204 312 244.707464
E 204 409 169.045834
E 204 435 36.153757
E 204 365 31.780312
E 204 318 36.351418
E 205 259 28.526374
E 205 234 16.511535
E 205 209 24.669016
E 205 369 28.915436
E 205 471 41.581270
E 205 411 193.324784
E 206 450 397.866554
E 206 295 30.322978
E 206 361 40.591067
E 206 427 43.818756
E 206 306 32.736936
E 206 243 8.686380
E 206 381 39.337982
E 206 413 272.697372
E 206 255 26.380866
E 207 326 360.808126
E 207 489 10.627429
E 207 300 7.407760
E 207 332 22.611437
E 207 215 33.700351
E 207 248 36.861998
E 207 317 42.958213
E 207 220 43.162582
E 207 221 34.354454
E 207 415 382.561716
E 208 417 85.694072
E 208 386 33.348552
E 208 327 25.600746
E 208 307 11.828893
E 208 342 37.728001
E 208 278 37.836466
E 208 317 360.292751
E 209 259 22.578725
E 209 419 359.529967
E 209 234 16.494236
E 209 364 42.907398
E 209 369 37.286007
E 209 471 22.164218
E 209 346 32.276189
E 210 224 17.779023
E 210 421 94.445248
E 210 429 37.503823
E 210 272 17.654755
E 210 337 40.966514
E 210 273 40.060369
E 210 434 15.769525
E 210 341 29.691902
E 210 247 38.157354
E 210 351 30.872976
E 211 407 25.415673
E 211 241 43.113819
E 211 498 41.205507
E 211 423 233.125244
E 212 225 30.924362
E 212 425 7.726614
E 212 457 25.922964
E 212 496 44.176874
E 212 467 17.489739
E 212 215 38.644518
E 212 313 286.307023
E 213 291 15.005691
E 213 260 11.308758
E 213 391 42.455836
E 213 458 141.402395
E 213 427 62.207318
E 213 271 34.696317
E 213 244 12.217957
E 213 377 40.113226
E 213 218 42.859506
E 213 349 24.666088
E 213 446 16.836853
E 214 217 30.235240
E 214 354 20.602219
E 214 429 544.443775
E 214 445 19.389773
E 215 425 39.688300
E 215 457 34.152484
E 215 489 44.249859
E 215 332 35.108690
E 215 300 40.205139
E 215 431 244.224889
E 215 497 36.780646
E 215 220 38.115913
E 216 416 41.626804
E 216 321 41.131246
E 216 482 41.427384
E 216 472 24.082229
E 216 329 40.479353
E 216 333 27.523013
E 216 463 204.933767
E 216 433 73.334251
E 216 499 43.856439
E 216 278 18.277328
E 216 246 9.697806
E 216 342 41.332484
E 216 413 11.741289
E 217 354 17.924354
E 217 484 412.180822
E 217 266 24.779780
E 217 401 37.695683
E 217 435 462.967910
E 217 445 35.566652
E 218 291 29.125006
E 218 446 26.529122
E 218 487 21.157850
E 218 232 25.410852
E 218 361 38.989892
E 218 490 395.655451
E 218 365 41.963757
E 218 271 22.130787
E 218 400 22.811405
E 218 437 206.920593
E 218 470 11.326885
E 218 377 28.630426
E 218 349 22.265251
E 218 318 43.117707
E 219 449 43.756563
E 219 227 25.257597
E 219 451 13.141842
E 219 391 35.545788
E 219 436 6.200689
E 219 439 295.618727
E 219 410 38.879497
E 220 236 37.665350
E 220 496 34.819311
E 220 497 5.216977
E 220 309 36.060044
E 220 441 299.541110
E 220 350 42.823804
E 221 288 39.255983
E 221 489 29.964946
E 221 300 28.491303
E 221 332 22.621316
E 221 470 307.059528
E 221 248 3.256983
E 221 443 149.536879
E 221 317 24.055223
E 222 261 30.737168
E 222 390 39.637372
E 222 360 28.396403
E 222 394 13.939753
E 222 238 43.529467
E 222 274 38.915432
E 222 406 41.927080
E 222 285 11.189736
E 222 445 468.018172
E 223 320 10.587050
E 223 293 12.959025
E 223 302 42.470677
E 223 431 34.068376
E 223 370 114.235806
E 223 308 42.814562
E 223 310 33.887805
E 223 254 31.858863
E 223 447 30.916298
E 224 449 199.123639
E 224 378 36.611860
E 224 272 21.998343
E 224 337 23.476022
E 224 338 442.362513
E 224 434 3.980693
E 224 341 39.776830
E 224 314 43.278990
E 225 451 308.816395
E 225 425 24.114618
E 225 457 27.319602
E 225 366 40.652321
E 225 467 40.729097
E 225 348 42.183572
E 226 480 260.518284
E 226 321 169.136684
E 226 384 26.917524
E 226 323 8.142799
E 226 324 27.634187
E 226 453 345.097042
E 226 304 6.026604
E 226 241 34.562685
E 226 275 20.182489
E 226 308 28.658011
E 226 376 26.130321
E 226 253 18.630161
E 227 449 39.451243
E 227 410 40.685810
E 227 451 28.796360
E 227 436 20.107971
E 227 455 362.567869
E 228 256 35.312245
E 228 417 16.197424
E 228 388 44.536950
E 228 457 251.624841
E 228 298 27.110432
E 228 458 26.549603
E 228 396 35.950913
E 228 269 16.739488
E 228 498 236.639998
E 228 375 32.899868
E 228 249 40.427385
E 229 292 26.487927
E 229 485 25.328364
E 229 326 11.397982
E 229 264 41.461030
E 229 233 28.807813
E 229 459 215.591633
E 229 397 18.102415
E 229 462 30.241799
E 229 438 35.943980
E 229 280 5.846158
E 229 345 27.652516
E 229 381 39.862197
E 230 259 35.183547
E 230 234 42.734317
E 230 364 42.222739
E 230 461 191.030883
E 230 368 451.674984
E 230 369 23.199242
E 230 252 34.655943
E 230 441 20.620152
E 230 284 16.077661
E 231 262 30.387214
E 231 263 31.873876
E 231 237 23.561455
E 231 463 376.434389
E 231 277 44.696026
E 231 437 34.657290
E 231 442 27.357362
E 231 254 43.814767
E 232 257 258.398891
E 232 291 30.926263
E 232 487 21.865116
E 232 271 43.489921
E 232 400 33.758865
E 232 465 267.903606
E 232 470 34.847273
E 232 349 37.595158
E 232 446 35.262487
E 233 449 28.960050
E 233 485 11.244896
E 233 326 39.302913
E 233 264 35.569180
E 233 397 27.112998
E 233 467 356.801291
E 233 438 27.324882
E 233 280 32.823216
E 233 410 32.645058
E 234 259 12.388278
E 234 364 40.599577
E 234 494 348.833173
E 234 369 21.163986
E 234 469 312.935478
E 234 471 38.407225
E 235 419 2.088628
E 235 390 117.571745
E 235 327 40.390428
E 235 460 40.228332
E 235 471 379.021216
E 235 319 38.199325
E 236 392 392.172110
E 236 473 372.235180
E 236 497 40.483645
E 236 309 7.358418
E 236 350 10.051596
E 237 257 42.620832
E 237 486 29.885334
E 237 488 44.006796
E 237 370 25.924020
E 237 442 7.261181
E 237 475 289.782994
E 238 477 287.508067
E 238 421 43.030816
E 238 399 22.822748
E 238 404 41.875062
E 238 378 38.189503
E 238 285 37.382394
E 238 415 38.161963
E 239 408 20.468087
E 239 302 40.221228
E 239 431 36.689061
E 239 432 18.659201
E 239 311 25.888489
E 239 312 12.480205
E 239 477 10.129049
E 239 479 19.768812
E 240 352 37.467283
E 240 481 443.215871
E 240 385 32.361367
E 240 355 30.534792
E 240 356 43.533694
E 240 357 66.570567
E 240 418 9.603228
E 240 359 6.317764
E 240 328 27.175702
E 240 393 23.690582
E 240 490 23.181948
E 240 301 29.698156
E 240 335 37.534890
E 240 242 22.189774
E 240 440 19.971898
E 240 282 6.869863
E 241 384 14.965630
E 241 323 29.445861
E 241 483 317.864006
E 241 304 31.103454
E 241 498 34.947297
E 241 275 14.490401
E 241 376 32.312838
E 241 253 42.243832
E 242 385 12.394402
E 242 418 31.657658
E 242 355 34.950610
E 242 356 27.188062
E 242 485 477.943016
E 242 357 44.473706
E 242 358 43.589705
E 242 328 31.826100
E 242 359 17.748876
E 242 393 17.611179
E 242 490 41.143005
E 242 301 22.515420
E 242 270 36.980218
E 242 440 12.025131
E 242 282 28.974588
E 243 450 390.139981
E 243 295 37.496113
E 243 487 87.833681
E 243 361 35.138711
E 243 306 26.375094
E 243 255 32.059653
E 244 291 25.373946
E 244 260 18.571292
E 244 421 200.095928
E 244 387 37.525735
E 244 446 28.889696
E 244 489 227.887327
E 244 349 36.883545
E 244 382 39.658733
E 245 491 347.755257
E 245 316 38.022691
E 246 321 44.719128
E 246 482 39.072931
E 246 333 33.141217
E 246 493 183.198384
E 246 463 198.297755
E 246 342 36.366156
E 246 278 8.809269
E 246 472 32.213570
E 246 413 11.541891
E 247 481 12.897399
E 247 429 30.520007
E 247 495 318.185739
E 247 368 12.351039
E 247 273 33.254587
E 247 402 10.782304
E 247 380 14.717611
E 247 351 38.153814
E 248 288 39.583478
E 248 489 31.778729
E 248 300 30.700276
E 248 332 25.878028
E 248 497 82.557947
E 248 470 308.127674
E 248 317 26.201165
E 249 256 18.791482
E 249 386 43.254177
E 249 388 29.733525
E 249 456 21.378657
E 249 298 29.807269
E 249 458 15.386424
E 249 459 30.743606
E 249 499 155.646848
E 250 450 24.337010
E 250 374 39.667538
E 251 376 32.254182
E 251 258 18.264994
E 251 498 23.371716
E 251 384 42.480414
E 251 407 41.045408
E 252 441 27.202343
E 252 284 25.755784
E 252 437 161.060621
E 253 384 40.621105
E 253 323 25.812893
E 253 324 36.149039
E 253 304 24.104037
E 253 275 30.753324
E 253 308 30.302426
E 253 376 44.304836
E 253 447 39.536066
E 254 320 31.037622
E 254 417 126.956011
E 254 324 31.307362
E 254 293 42.099724
E 254 262 19.010496
E 254 308 32.046463
E 254 310 41.967656
E 255 391 43.413576
E 255 264 24.837939
E 255 361 43.507162
E 255 295 9.359453
E 255 427 20.752435
E 255 438 32.951941
E 255 381 30.266624
E 256 417 38.509209
E 256 456 40.094188
E 256 298 38.632830
E 256 458 12.241577
E 256 396 43.122791
E 256 269 37.727778
E 256 429 179.870329
E 256 459 40.412311
E 256 375 37.640030
E 257 486 43.255136
E 257 331 30.516127
E 257 268 12.052484
E 257 465 13.826057
E 257 370 39.876390
E 257 442 35.363233
E 257 443 28.960911
E 257 444 14.915999
E 258 297 198.300625
E 258 498 39.642933
E 259 369 18.814546
E 259 466 34.512134
E 259 441 37.962418
E 259 364 28.835949
E 259 471 44.112723
E 260 291 22.697528
E 260 391 31.176716
E 260 271 32.268734
E 260 377 35.635468
E 260 474 155.550575
E 260 349 24.608276
E 260 446 19.984096
E 261 322 38.842661
E 261 292 324.351056
E 261 390 30.757229
E 261 454 29.093791
E 261 360 4.189606
E 261 392 43.700418
E 261 394 32.664526
E 261 455 27.401793
E 261 463 34.598383
E 261 274 24.188033
E 261 406 34.948006
E 261 285 38.321909
E 262 442 44.050648
E 262 308 44.266644
E 262 324 38.332433
E 262 399 352.860688
E 263 464 21.749363
E 263 277 39.023917
E 263 310 25.388938
E 263 437 8.253420
E 264 449 43.388847
E 264 485 25.159562
E 264 326 44.033683
E 264 295 17.352782
E 264 427 31.739809
E 264 397 23.718105
E 264 438 8.244756
E 264 410 37.414302
E 264 381 23.000984
E 265 353 6.375976
E 265 481 36.997799
E 265 325 17.322866
E 265 391 107.794384
E 265 368 36.274008
E 265 402 39.553574
E 265 380 32.940723
E 266 401 14.474119
E 266 354 26.039117
E 267 289 21.075190
E 267 453 34.589329
E 267 468 29.712033
E 267 276 37.249303
E 267 340 42.765292
E 267 414 44.300062
E 268 465 13.586612
E 268 331 19.776224
E 268 444 8.327814
E 268 443 29.188429
E 269 417 1.197504
E 269 423 31.685738
E 269 424 38.527456
E 269 298 43.230845
E 269 458 33.983493
E 269 396 19.728500
E 269 498 223.093898
E 269 375 17.765212
E 270 385 43.577492
E 270 355 29.928010
E 270 356 12.663780
E 270 359 42.609390
E 270 428 23.989646
E 270 301 19.292803
E 270 461 27.448928
E 270 310 200.277339
E 270 343 42.030713
E 270 473 42.654606
E 270 475 40.339614
E 270 412 31.092841
E 271 291 27.627215
E 271 391 41.813025
E 271 487 43.200332
E 271 361 24.697467
E 271 400 42.107558
E 271 436 78.507819
E 271 470 24.484118
E 271 377 8.101418
E 271 349 10.861785
E 271 446 19.719071
E 272 290 41.050733
E 272 483 310.594859
E 272 429 40.206263
E 272 337 38.347624
E 272 273 41.738480
E 272 434 18.022646
E 272 341 18.175897
E 272 314 34.961097
E 272 351 28.974324
E 273 481 41.442110
E 273 393 400.080335
E 273 429 3.133798
E 273 368 31.004565
E 273 306 22.630334
E 273 402 40.850662
E 273 341 30.071387
E 273 380 34.636543
E 273 351 13.372519
E 274 322 31.753325
E 274 454 6.941743
E 274 360 20.977685
E 274 463 16.986340
E 274 305 222.390677
E 274 281 39.236993
E 274 285 39.922369
E 275 384 10.678688
E 275 323 15.110978
E 275 304 16.656293
E 275 498 37.493456
E 275 341 397.980710
E 275 376 23.270190
E 276 289 28.374729
E 276 453 25.198962
E 276 330 33.408083
E 276 398 20.174652
E 276 469 19.757063
E 276 414 29.554212
E 277 488 24.742189
E 277 493 35.470536
E 277 430 32.319759
E 277 464 29.598561
E 277 437 31.767574
E 277 315 44.239770
E 278 482 41.640968
E 278 333 37.654662
E 278 495 217.333937
E 278 307 41.306963
E 278 342 31.095682
E 278 472 40.920186
E 278 413 18.598963
E 279 452 37.948041
E 279 389 15.963839
E 279 488 39.700967
E 279 430 32.667897
E 279 495 16.716069
E 279 496 31.356744
E 279 344 17.443004
E 279 315 20.809498
E 279 350 38.138216
E 280 292 22.350865
E 280 485 30.618313
E 280 326 11.654021
E 280 397 23.789486
E 280 462 25.305550
E 280 402 122.118013
E 280 438 41.786017
E 280 345 22.937440
E 280 381 44.524895
E 281 322 7.568562
E 281 484 37.570998
E 281 492 39.461003
E 281 454 34.277367
E 281 463 24.801735
E 282 352 30.597845
E 282 385 39.210821
E 282 418 4.116552
E 282 355 31.098691
E 282 359 11.977326
E 282 328 30.297310
E 282 393 29.599581
E 282 490 20.647537
E 282 301 33.739030
E 282 335 30.691015
E 282 399 354.207732
E 282 440 26.457339
E 283 290 26.677841
E 283 421 28.572222
E 283 319 31.049377
E 283 460 26.850889
E 283 314 31.718242
E 283 415 27.695220
E 284 369 38.251719
E 284 441 27.457096
E 285 360 35.163037
E 285 394 24.250644
E 285 404 40.313908
E 286 448 9.869608
E 286 482 42.473272
E 286 395 41.497660
E 286 307 39.586370
E 286 372 6.659904
E 286 478 20.408725
E 287 426 3.407430
E 287 316 20.807684
E 287 494 11.800489
E 287 334 14.954616
E 287 383 29.229757
E 288 362 38.214809
E 288 332 44.402046
E 288 317 23.908488
E 288 405 37.755024
E 289 414 23.593404
E 289 468 40.805845
E 289 453 14.069226
E 289 398 28.074347
E 290 421 38.548199
E 290 395 154.270119
E 290 378 36.462213
E 290 337 41.537310
E 290 314 6.097559
E 290 415 31.598469
E 291 449 103.325050
E 291 487 44.514565
E 291 470 39.443931
E 291 377 34.979721
E 291 349 16.858622
E 291 446 8.518055
E 292 326 18.767285
E 292 396 309.621270
E 292 397 39.621851
E 292 462 6.596291
E 292 339 29.331314
E 292 345 3.862080
E 293 320 22.670976
E 293 479 38.378823
E 293 302 35.191572
E 293 431 23.440527
E 293 308 44.172984
E 293 408 44.086171
E 293 447 22.906114
E 295 485 42.270142
E 295 427 26.421918
E 295 438 25.585446
E 295 381 21.581142
E 295 397 36.717798
E 296 491 39.409852
E 296 431 160.211963
E 296 499 43.558389
E 296 343 21.874523
E 296 473 28.687603
E 296 475 33.075704
E 297 320 111.464911
E 297 423 37.470539
E 297 396 38.041633
E 297 493 33.130401
E 297 375 39.090813
E 297 409 35.218692
E 298 417 42.906816
E 298 386 22.659526
E 298 388 17.920308
E 298 456 30.158269
E 298 361 164.656983
E 298 458 26.485457
E 298 342 44.529599
E 299 357 33.064203
E 299 358 33.721313
E 299 424 123.101089
E 299 428 40.373794
E 299 367 4.274385
E 299 305 27.654585
E 299 313 28.812629
E 299 379 41.472552
E 300 489 4.840688
E 300 332 21.807290
E 300 317 40.730683
E 301 385 32.977365
E 301 418 37.786435
E 301 355 16.890954
E 301 356 17.600617
E 301 359 23.493471
E 301 393 39.210071
E 301 428 41.350167
E 301 461 32.462963
E 301 440 33.233010
E 301 412 44.578375
E 302 439 27.938319
E 302 408 41.804894
E 302 398 235.926383
E 302 431 15.745745
E 302 433 35.623114
E 302 311 31.436846
E 302 312 35.622644
E 302 411 36.975665
E 302 477 40.926665
E 302 479 32.540567
E 303 412 39.174912
E 303 355 40.704221
E 303 403 4.504565
E 303 461 27.919201
E 304 384 21.686695
E 304 323 2.208493
E 304 324 29.991555
E 304 399 398.997432
E 304 308 32.989669
E 304 376 20.267457
E 305 416 36.489608
E 305 329 20.796120
E 305 491 38.280626
E 305 367 31.923010
E 305 499 38.951852
E 305 472 31.255456
E 305 313 27.924104
E 306 368 39.621391
E 306 449 120.013380
E 306 380 41.640768
E 306 429 25.222284
E 306 351 34.284374
E 307 448 42.548253
E 307 386 42.310709
E 307 327 20.594626
E 308 323 35.062004
E 308 475 231.924958
E 308 324 11.996193
E 308 447 30.720484
E 309 497 39.653444
E 309 350 17.383663
E 310 320 23.326513
E 310 425 169.031820
E 310 464 39.958266
E 310 437 32.079007
E 310 439 41.375692
E 311 408 42.287708
E 311 431 38.810820
E 311 432 29.277302
E 311 312 13.667145
E 311 379 25.609091
E 311 477 18.586194
E 311 479 36.346178
E 312 431 37.258762
E 312 432 18.962947
E 312 408 31.055718
E 312 379 37.529347
E 312 477 5.748077
E 312 479 27.214964
E 313 472 36.484056
E 313 329 39.077649
E 313 379 23.148584
E 313 333 42.638923
E 313 367 31.019819
E 314 421 44.565120
E 314 494 256.438154
E 314 337 38.145728
E 314 434 40.880944
E 314 341 42.105101
E 314 378 35.077946
E 314 415 37.439142
E 315 389 20.836170
E 315 488 24.006338
E 315 493 37.177836
E 315 430 19.458425
E 315 495 4.143772
E 315 344 32.547342
E 315 474 37.101438
E 315 475 317.169795
E 316 390 336.510595
E 316 426 21.576388
E 316 334 24.471521
E 316 494 29.751870
E 316 336 43.262982
E 316 383 17.938745
E 317 489 44.473583
E 317 332 20.659768
E 318 487 37.003242
E 318 362 388.200683
E 318 365 12.019404
E 318 400 24.569988
E 318 337 110.489664
E 318 435 8.467516
E 318 470 33.278543
E 319 419 37.287488
E 319 460 4.785986
E 319 421 23.153778
E 319 415 30.762188
E 320 439 42.228097
E 320 447 41.380683
E 320 431 40.473121
E 321 433 34.461750
E 321 371 17.148098
E 321 420 7.434373
E 321 333 15.312232
E 321 342 36.364682
E 322 484 44.300988
E 322 454 27.051515
E 322 455 44.718127
E 322 360 39.168680
E 322 492 42.180628
E 322 463 18.166818
E 323 376 18.492994
E 323 498 42.681355
E 323 324 31.663445
E 323 384 19.552342
E 324 392 338.516663
E 324 376 39.850034
E 324 447 42.574086
E 325 368 44.214549
E 325 353 12.148902
E 325 402 42.835978
E 325 380 40.240653
E 325 481 40.341549
E 326 485 33.816559
E 326 397 20.855896
E 326 462 24.233605
E 326 339 42.743279
E 326 438 40.348456
E 326 345 21.233479
E 326 381 36.081717
E 327 386 38.660924
E 327 419 42.124019
E 328 385 32.027310
E 328 418 28.647039
E 328 440 19.920330
E 328 359 30.721088
E 328 393 15.483517
E 328 490 21.796009
E 328 376 211.263731
E 329 416 16.492408
E 329 482 44.146957
E 329 491 19.975283
E 329 499 19.370525
E 329 472 16.785156
E 329 413 38.143874
E 330 395 28.076051
E 330 469 16.591996
E 330 398 42.770193
E 330 463 129.509643
E 331 472 273.982564
E 331 465 32.201517
E 331 443 28.780794
E 331 444 25.182167
E 331 366 38.739822
E 332 489 26.259898
E 333 483 299.561724
E 333 420 17.633151
E 333 371 27.580367
E 333 342 38.464549
E 333 472 39.972619
E 333 413 39.259998
E 334 441 334.483835
E 334 426 11.674388
E 334 494 10.627773
E 334 383 22.004306
E 335 352 3.326312
E 335 418 28.512028
E 335 490 31.072542
E 335 359 42.237921
E 336 418 407.080381
E 336 387 39.182602
E 336 422 21.771009
E 336 382 10.354735
E 336 383 27.492707
E 337 434 25.258838
E 337 378 14.142263
E 337 399 32.561153
E 338 401 39.956857
E 338 466 29.056762
E 338 364 34.628751
E 339 345 30.913739
E 339 462 30.662686
E 339 430 367.553751
E 340 476 32.193691
E 340 397 451.060410
E 341 434 35.862275
E 341 429 29.771219
E 341 351 16.950798
E 342 420 43.797318
E 342 383 216.997766
E 343 473 9.870882
E 343 428 34.093407
E 343 475 13.375639
E 343 412 25.781583
E 343 461 43.526254
E 344 452 20.748849
E 344 389 13.862186
E 344 486 42.247256
E 344 488 42.369025
E 344 430 34.802241
E 344 495 29.330224
E 344 496 18.557186
E 344 472 258.496817
E 345 449 84.531296
E 345 397 41.996881
E 345 462 3.050388
E 346 456 359.656515
E 346 471 11.614541
E 347 394 35.146306
E 347 406 21.448811
E 347 390 25.243885
E 348 366 7.993071
E 349 487 42.696554
E 349 391 42.365199
E 349 361 35.463148
E 349 470 29.097983
E 349 377 18.152127
E 349 446 8.870829
E 350 497 44.636057
E 350 379 252.151586
E 351 368 39.879422
E 351 434 43.051915
E 351 380 43.855080
E 351 405 448.473818
E 351 429 12.822463
E 352 418 28.823691
E 352 490 33.063250
E 352 359 41.801736
E 353 368 41.009028
E 353 481 40.311317
E 353 402 42.899166
E 353 380 37.424943
E 354 425 381.005746
E 354 401 40.431320
E 354 445 35.319586
E 355 418 35.022606
E 355 356 33.412374
E 355 359 26.198383
E 355 461 26.328379
E 355 403 43.989896
E 355 440 42.742944
E 355 412 43.536109
E 356 385 31.740130
E 356 357 40.264995
E 356 358 39.591746
E 356 359 37.283567
E 356 393 44.414679
E 356 396 217.921964
E 356 428 25.633128
E 356 461 38.854060
E 356 440 39.153339
E 356 412 43.713971
E 357 385 35.327690
E 357 428 43.462772
E 357 358 0.885302
E 357 367 29.467623
E 358 385 34.453662
E 358 428 43.249253
E 358 367 30.166929
E 359 418 15.478768
E 359 385 29.138789
E 359 393 23.893363
E 359 490 29.413597
E 359 440 18.973521
E 360 454 26.432489
E 360 455 31.573893
E 360 390 33.753686
E 360 391 289.702069
E 360 394 32.048824
E 360 463 32.943423
E 360 406 37.868249
E 361 377 17.677930
E 361 470 33.254146
E 361 427 41.534796
E 361 413 243.989437
E 361 446 44.212148
E 362 405 1.782120
E 363 480 14.324301
E 363 422 38.971485
E 364 464 219.190186
E 364 369 41.399340
E 364 466 6.483812
E 364 441 29.125425
E 365 384 341.947349
E 365 435 19.320228
E 365 400 19.800019
E 365 470 34.374484
E 365 487 30.133731
E 367 428 41.505058
E 367 379 41.316760
E 367 492 214.963535
E 368 481 11.172712
E 368 402 11.599345
E 368 380 4.049567
E 368 429 29.075654
E 369 441 36.058143
E 370 442 24.116646
E 370 443 34.333173
E 370 452 30.536171
E 370 486 4.588769
E 371 433 18.254775
E 371 420 10.541551
E 371 379 39.625480
E 371 411 31.859116
E 371 439 40.832444
E 372 448 11.388595
E 372 482 43.438236
E 372 395 35.157122
E 372 478 21.308391
E 373 450 26.665268
E 373 468 21.215847
E 373 476 95.133907
E 374 492 39.862484
E 374 444 444.688907
E 374 484 21.389697
E 375 417 18.847621
E 375 458 39.648783
E 375 396 5.482903
E 375 423 21.269972
E 376 384 17.364533
E 376 498 27.517994
E 377 427 42.517328
E 377 470 28.291981
E 377 446 26.705760
E 377 391 38.476075
E 378 434 37.647079
E 378 399 20.796395
E 379 420 42.210870
E 379 477 40.660225
E 380 481 9.259499
E 380 482 271.849757
E 380 429 32.837914
E 380 402 10.550891
E 381 485 38.157320
E 381 397 24.495450
E 381 438 27.342442
E 382 464 168.034822
E 382 387 37.639343
E 382 422 16.493347
E 382 383 37.745308
E 383 426 27.740721
E 383 422 43.549455
E 383 494 31.925790
E 384 450 432.893039
E 384 498 26.828132
E 385 440 14.586631
E 385 393 16.675337
E 385 418 41.166847
E 386 456 30.382981
E 386 388 13.968387
E 386 437 146.753103
E 387 451 39.662313
E 387 486 228.363374
E 388 456 17.298850
E 388 458 35.221373
E 388 439 123.980249
E 389 452 28.116329
E 389 486 41.718406
E 389 488 28.772814
E 389 430 21.180134
E 389 495 18.644010
E 389 496 32.417764
E 390 392 37.096181
E 390 394 29.383072
E 390 406 4.248627
E 390 455 25.956976
E 391 410 44.555870
E 391 427 22.841806
E 391 436 41.744730
E 391 446 44.186109
E 391 451 43.558659
E 392 492 28.354427
E 392 406 38.789292
E 392 455 16.474447
E 393 440 5.989491
E 393 418 30.074607
E 393 490 31.706075
E 394 406 30.699738
E 395 448 38.957881
E 395 469 43.701375
E 395 478 40.262845
E 396 424 42.325858
E 396 417 20.635893
E 396 423 15.818349
E 397 425 380.189560
E 397 485 17.365290
E 397 438 19.494270
E 398 469 35.303994
E 398 453 15.716246
E 398 414 12.715421
E 399 404 39.789708
E 400 435 32.864617
E 400 444 297.505812
E 400 470 18.024535
E 400 487 12.806343
E 402 481 2.588522
E 402 429 38.495574
E 403 412 37.771698
E 403 461 28.649130
E 404 485 270.701583
E 406 455 29.024495
E 407 498 24.707912
E 408 483 317.685793
E 408 479 9.267006
E 408 431 30.719596
E 408 432 37.645886
E 408 477 30.414820
E 408 447 40.338490
E 409 474 20.280086
E 409 493 23.396444
E 410 449 10.039439
E 410 427 42.282871
E 410 436 40.938040
E 410 485 33.562194
E 410 438 33.053918
E 411 424 28.436290
E 411 433 15.464814
E 411 420 41.363350
E 411 439 12.327354
E 412 473 19.209339
E 412 474 323.052520
E 412 475 14.969701
E 412 428 39.888045
E 412 461 18.701537
E 413 416 34.718738
E 413 482 29.748748
E 413 491 40.472755
E 413 499 36.349403
E 413 472 24.266833
E 413 478 44.067364
E 414 492 41.205223
E 414 453 9.717129
E 415 460 26.575643
E 415 421 8.547008
E 416 472 23.903039
E 416 482 29.830320
E 416 491 6.225600
E 416 499 3.181429
E 417 424 37.789267
E 417 458 34.436870
E 417 423 32.195873
E 418 440 27.684653
E 418 490 16.747788
E 419 460 39.109902
E 420 433 28.651712
E 421 460 19.434677
E 422 480 31.136890
E 423 424 37.146824
E 423 464 38.086807
E 424 433 38.478560
E 424 428 162.058774
E 424 439 37.786720
E 425 457 19.800834
E 425 467 23.672326
E 426 494 9.054943
E 427 438 37.328648
E 428 473 40.170059
E 428 475 40.354871
E 429 481 39.221009
E 430 488 7.592712
E 430 452 43.118872
E 430 493 42.607891
E 430 486 44.637041
E 430 495 21.621715
E 431 447 37.216662
E 431 479 22.007539
E 431 477 41.244022
E 431 439 39.393786
E 432 477 13.540100
E 432 479 38.389836
E 433 439 22.661285
E 434 487 132.378825
E 435 470 39.677994
E 435 479 286.324238
E 436 449 44.505200
E 436 451 11.592497
E 437 464 14.540710
E 438 449 37.562979
E 438 466 506.004883
E 438 485 17.054728
E 440 490 32.517497
E 441 466 33.665058
E 441 443 212.722922
E 442 465 44.592368
E 442 486 28.543983
E 443 465 40.754551
E 443 467 42.094257
E 443 444 37.401920
E 443 486 34.642774
E 444 465 7.270906
E 446 470 35.414281
E 447 479 39.491277
E 448 482 32.767643
E 448 478 10.581646
E 449 485 33.230275
E 452 496 23.138679
E 452 467 31.060816
E 452 478 294.167591
E 452 486 26.006821
E 453 469 44.460666
E 454 463 10.502053
E 455 492 36.518410
E 456 458 33.735595
E 456 459 34.333989
E 457 467 43.189127
E 458 459 44.475454
E 460 496 307.816843
E 461 473 37.873724
E 461 475 33.669971
E 467 496 35.789397
E 467 486 43.899251
E 470 487 23.076857
E 472 482 40.904544
E 472 491 29.830173
E 472 499 26.960153
E 473 475 4.407702
E 474 493 27.706460
E 474 495 38.559703
E 477 479 28.298779
E 478 482 22.234722
E 482 491 31.656884
E 482 499 28.597751
E 484 492 29.053007
E 488 499 242.419749
E 488 493 39.069330
E 488 495 26.982648
E 491 499 4.155729
E 493 495 40.865400
E 496 497 30.124988
S 88 390 385 189 55 17 264 139 218 291 256 82 360 369 413 386 235 368 253 74 
S 76 295 445 199 
S 428 320 
S 77 84 
S 99 194 42 72 
S 427 16 268 304 
S 266 197 
S 134 215 205 389 259 355 273 160 490 49 67 380 
S 230 322 275 239 29 280 178 176 477 223 198 161 
S 207 126 489 260 214 156 349 381 155 180 
S 416 456 
S 329 116 79 303 
S 114 52 68 405 377 195 
S 125 66 417 365 61 398 228 461 395 471 312 148 
S 35 151 
S 89 36 211 498 442 410 357 354 
S 237 186 
S 71 63 
S 4 332 299 60 454 414 184 408 
S 158 39 
S 342 318 24 261 
S 420 142 221 486 262 96 201 172 
S 8 3 90 376 
S 359 394 
S 401 0 
S 475 33 
S 117 80 
S 404 446 
S 10 166 366 339 
S 272 493 43 209 
S 331 296 
S 397 219 1 140 21 229 153 328 293 48 
S 301 193 294 356 
S 470 233 478 15 
S 372 333 281 200 112 319 236 91 
S 128 307 
S 467 47 
S 310 348 
S 248 58 62 459 234 340 227 480 
S 285 222 476 26 
S 6 432 392 137 
S 440 497 121 433 
S 287 343 350 150 344 32 157 488 308 346 361 41 457 25 
S 473 371 165 14 
S 483 418 164 50 231 305 
S 11 311 132 23 
S 484 496 
S 313 290 81 263 
S 174 494 133 206 
S 13 185 30 412 
