500 625     
498 255 7 1   
264 498 8 1   
381 498 4 1   
264 193 8 1   
278 255 8 1   
264 271 4 1   
465 271 4 1   
278 281 5 1   
465 305 8 1   
281 354 9 1   
465 496 10 1   
498 34 7 1   
465 466 6 1   
465 131 1 1   
272 381 10 1   
272 418 8 1   
280 271 6 1   
305 492 3 1   
278 340 4 1   
466 212 3 1   
496 238 4 1   
145 281 8 1   
146 340 7 1   
418 141 5 1   
348 466 9 1   
348 306 10 1   
425 271 7 1   
156 425 8 1   
272 273 9 1   
366 492 6 1   
212 222 8 1   
90 496 3 1   
232 465 10 1   
91 232 1 1   
91 163 6 1   
224 255 8 1   
498 491 5 1   
110 305 1 1   
416 418 2 1   
403 418 6 1   
23 498 5 1   
387 222 4 1   
306 108 8 1   
201 496 6 1   
306 376 8 1   
489 491 9 1   
249 496 5 1   
272 134 2 1   
212 117 6 1   
381 181 9 1   
232 124 4 1   
255 482 9 1   
203 117 4 1   
137 201 7 1   
366 447 2 1   
387 164 10 1   
110 473 9 1   
355 238 5 1   
3 348 6 1   
13 141 3 1   
48 473 5 1   
239 181 3 1   
379 239 4 1   
416 234 3 1   
466 86 5 1   
131 53 9 1   
426 273 2 1   
262 447 10 1   
6 156 9 1   
23 12 6 1   
272 423 10 1   
222 350 7 1   
376 478 3 1   
388 203 3 1   
478 43 7 1   
156 133 10 1   
476 133 4 1   
496 87 5 1   
393 491 7 1   
19 91 7 1   
381 325 2 1   
492 171 2 1   
497 91 7 1   
423 469 9 1   
238 499 6 1   
281 132 8 1   
471 234 4 1   
376 129 1 1   
48 111 7 1   
373 340 4 1   
320 6 5 1   
331 131 3 1   
495 478 1 1   
172 212 1 1   
64 34 6 1   
475 496 7 1   
425 364 8 1   
234 184 4 1   
39 471 2 1   
390 117 4 1   
388 5 6 1   
43 420 7 1   
163 38 8 1   
181 241 8 1   
399 201 8 1   
222 195 3 1   
192 23 9 1   
242 91 3 1   
447 353 9 1   
21 482 10 1   
167 353 10 1   
12 479 2 1   
472 38 9 1   
5 189 10 1   
313 381 9 1   
133 116 2 1   
86 31 9 1   
497 318 1 1   
308 203 10 1   
116 17 10 1   
331 122 9 1   
163 464 10 1   
335 350 6 1   
82 425 3 1   
366 289 9 1   
369 249 6 1   
175 489 9 1   
134 488 8 1   
277 3 1 1   
251 262 3 1   
366 24 10 1   
129 144 9 1   
489 449 7 1   
474 163 5 1   
473 326 2 1   
338 369 4 1   
477 272 3 1   
132 10 10 1   
379 56 4 1   
481 184 2 1   
439 420 10 1   
10 188 6 1   
195 351 2 1   
175 357 9 1   
339 48 5 1   
78 232 5 1   
270 305 8 1   
251 480 9 1   
195 206 10 1   
438 403 7 1   
24 98 2 1   
243 212 5 1   
90 233 1 1   
383 48 3 1   
434 277 7 1   
216 86 1 1   
167 246 4 1   
98 314 9 1   
425 336 7 1   
278 250 5 1   
348 405 9 1   
191 264 10 1   
226 239 2 1   
16 473 3 1   
420 299 8 1   
462 376 10 1   
336 67 2 1   
364 431 7 1   
69 272 5 1   
154 13 3 1   
39 63 8 1   
339 446 9 1   
271 349 1 1   
142 108 10 1   
83 350 3 1   
320 456 9 1   
333 122 2 1   
207 438 9 1   
158 238 8 1   
90 414 5 1   
272 170 9 1   
314 155 6 1   
437 383 8 1   
478 367 2 1   
272 176 10 1   
88 387 5 1   
479 103 8 1   
122 25 3 1   
169 335 5 1   
425 382 1 1   
260 188 2 1   
163 47 6 1   
158 290 7 1   
414 372 5 1   
18 38 2 1   
486 354 3 1   
363 439 2 1   
23 284 10 1   
92 31 4 1   
116 140 9 1   
478 245 8 1   
479 96 10 1   
290 328 6 1   
388 254 1 1   
301 357 3 1   
47 125 4 1   
121 188 1 1   
471 112 5 1   
458 390 3 1   
141 341 2 1   
16 9 3 1   
377 116 10 1   
140 312 10 1   
237 469 8 1   
228 447 7 1   
465 428 2 1   
292 464 7 1   
171 50 5 1   
81 103 10 1   
61 191 10 1   
303 167 3 1   
367 442 3 1   
416 392 9 1   
255 342 1 1   
226 453 1 1   
36 418 3 1   
348 236 7 1   
74 438 10 1   
443 357 9 1   
199 92 7 1   
200 348 7 1   
73 479 9 1   
19 99 2 1   
455 250 7 1   
315 170 5 1   
161 124 7 1   
415 426 3 1   
311 181 3 1   
118 326 3 1   
58 193 9 1   
338 227 7 1   
85 24 7 1   
26 170 9 1   
431 105 2 1   
151 73 1 1   
479 218 7 1   
346 426 8 1   
223 188 1 1   
215 90 2 1   
499 52 8 1   
234 487 10 1   
494 489 2 1   
98 68 1 1   
138 24 4 1   
374 103 10 1   
200 153 3 1   
392 123 2 1   
61 28 4 1   
98 89 5 1   
179 153 10 1   
342 409 3 1   
269 273 1 1   
239 77 1 1   
284 177 3 1   
330 73 3 1   
16 114 2 1   
482 412 8 1   
293 350 7 1   
185 192 8 1   
494 319 6 1   
499 252 10 1   
443 396 2 1   
303 397 2 1   
339 148 7 1   
277 352 6 1   
106 167 5 1   
247 434 2 1   
422 138 8 1   
154 445 4 1   
206 202 8 1   
408 31 9 1   
355 235 1 1   
197 420 6 1   
10 94 4 1   
417 242 8 1   
83 279 7 1   
144 334 4 1   
337 482 9 1   
102 52 2 1   
448 480 4 1   
327 179 6 1   
42 340 7 1   
328 485 4 1   
148 79 7 1   
240 412 1 1   
430 369 5 1   
217 301 1 1   
272 150 3 1   
406 36 8 1   
27 132 1 1   
439 266 7 1   
239 371 1 1   
423 295 6 1   
238 194 2 1   
216 229 2 1   
74 2 3 1   
116 253 10 1   
319 451 1 1   
37 271 8 1   
389 390 9 1   
51 13 9 1   
177 57 6 1   
436 372 4 1   
344 138 5 1   
327 248 5 1   
9 231 6 1   
220 235 6 1   
32 19 7 1   
252 358 4 1   
398 293 9 1   
63 139 5 1   
480 130 3 1   
343 382 3 1   
186 364 10 1   
87 190 1 1   
84 193 3 1   
144 450 9 1   
59 353 6 1   
184 410 5 1   
113 406 1 1   
166 83 1 1   
14 231 3 1   
296 106 1 1   
20 84 6 1   
240 302 6 1   
430 401 2 1   
188 285 3 1   
437 429 5 1   
68 115 9 1   
38 15 3 1   
281 196 2 1   
295 104 4 1   
329 270 10 1   
368 416 6 1   
143 148 3 1   
347 131 8 1   
42 427 8 1   
472 283 10 1   
288 340 1 1   
477 30 8 1   
132 444 9 1   
301 35 9 1   
142 317 2 1   
356 190 8 1   
294 425 1 1   
308 324 3 1   
103 261 9 1   
219 231 2 1   
174 496 10 1   
458 394 2 1   
309 437 1 1   
100 335 8 1   
213 290 1 1   
494 183 2 1   
297 199 1 1   
327 149 5 1   
70 324 3 1   
121 259 10 1   
244 144 1 1   
263 455 8 1   
124 391 4 1   
434 304 8 1   
244 411 7 1   
123 419 10 1   
217 214 1 1   
323 223 6 1   
33 412 8 1   
413 176 2 1   
459 223 10 1   
388 211 7 1   
498 93 2 1   
184 375 3 1   
121 54 5 1   
310 61 4 1   
187 174 1 1   
295 365 8 1   
361 308 2 1   
178 27 4 1   
89 490 3 1   
468 39 2 1   
487 208 9 1   
384 229 8 1   
80 492 10 1   
58 256 1 1   
180 311 3 1   
367 298 8 1   
84 484 10 1   
286 150 10 1   
493 399 3 1   
195 258 7 1   
326 11 4 1   
6 136 6 1   
257 106 1 1   
44 387 3 1   
500 352 5 1   
113 424 4 1   
433 337 1 1   
26 45 7 1   
255 60 3 1   
380 12 7 1   
111 49 6 1   
465 400 9 1   
405 1 2 1   
276 174 2 1   
123 126 2 1   
9 421 4 1   
163 22 2 1   
495 46 4 1   
66 328 8 1   
429 173 8 1   
470 257 1 1   
97 64 2 1   
192 395 4 1   
388 457 3 1   
71 405 7 1   
74 119 5 1   
454 30 9 1   
118 300 9 1   
320 120 8 1   
435 455 2 1   
421 461 1 1   
267 197 3 1   
91 157 2 1   
209 132 6 1   
72 492 5 1   
440 320 5 1   
402 320 8 1   
360 186 6 1   
369 441 7 1   
198 273 5 1   
336 29 8 1   
321 2 4 1   
143 385 10 1   
279 160 9 1   
63 359 10 1   
80 404 1 1   
318 230 4 1   
291 141 5 1   
282 17 8 1   
80 345 10 1   
452 143 7 1   
277 107 2 1   
147 382 5 1   
305 287 3 1   
282 8 7 1   
316 212 5 1   
160 265 9 1   
210 243 8 1   
425 268 1 1   
332 85 1 1   
135 498 6 1   
15 7 4 1   
225 170 6 1   
467 252 1 1   
232 76 4 1   
101 84 2 1   
69 322 7 1   
55 68 7 1   
460 172 8 1   
221 365 2 1   
447 275 9 1   
352 162 3 1   
123 40 6 1   
438 204 1 1   
75 104 4 1   
62 262 6 1   
155 65 2 1   
432 249 2 1   
146 307 5 1   
378 13 3 1   
159 484 8 1   
108 182 3 1   
196 152 3 1   
165 20 9 1   
410 463 3 1   
168 263 4 1   
278 4 9 1   
274 494 10 1   
95 192 5 1   
483 206 2 1   
414 109 4 1   
175 407 1 1   
20 362 7 1   
205 174 10 1   
54 370 2 1   
128 335 3 1   
386 293 3 1   
127 303 9 1   
293 41 5 1   
385 338 9 1   
138 77 10 1   
427 216 4 1   
203 81 1 1   
488 179 6 1   
400 431 9 1   
121 366 9 1   
219 27 2 1   
188 173 9 1   
98 360 9 1   
401 406 2 1   
177 103 5 1   
102 292 3 1   
144 465 10 1   
321 43 1 1   
205 281 2 1   
198 208 3 1   
241 246 5 1   
98 210 7 1   
470 345 3 1   
353 39 3 1   
256 464 8 1   
361 364 2 1   
390 65 1 1   
126 220 4 1   
88 120 10 1   
146 390 2 1   
56 268 7 1   
69 273 9 1   
71 308 6 1   
231 377 6 1   
204 448 7 1   
484 376 4 1   
478 33 6 1   
13 320 7 1   
5 81 8 1   
176 315 6 1   
5 40 2 1   
127 298 5 1   
396 130 1 1   
373 309 7 1   
116 355 10 1   
455 454 7 1   
296 73 3 1   
284 472 7 1   
491 290 10 1   
215 193 6 1   
271 387 1 1   
80 229 6 1   
371 247 10 1   
86 254 7 1   
154 460 9 1   
354 308 3 1   
166 473 4 1   
84 472 4 1   
363 264 7 1   
117 285 3 1   
53 265 7 1   
210 417 4 1   
235 11 6 1   
136 197 10 1   
7 147 1 1   
256 148 2 1   
438 410 9 1   
342 228 4 1   
417 214 7 1   
33 223 3 1   
345 225 1 1   
91 246 10 1   
474 289 3 1   
354 82 7 1   
224 274 9 1   
316 189 6 1   
341 302 9 1   
348 6 2 1   
3 475 6 1   
66 38 2 1   
384 197 10 1   
300 92 3 1   
72 224 4 1   
196 383 5 1   
246 59 7 1   
362 311 10 1   
142 135 8 1   
164 332 7 1   
201 164 9 1   
265 266 10 1   
369 128 2 1   
117 384 8 1   
169 40 5 1   
464 159 2 1   
2 474 5 1   
434 351 4 1   
258 163 7 1   
12 36 6 1   
454 416 3 1   
271 300 1 1   
135 379 4 1   
406 495 9 1   
366 362 4 1   
283 90 3 1   
474 372 8 1   
214 189 8 1   
30 213 10 1   
150 98 4 1   
452 426 6 1   
146 375 8 1   
483 341 5 1   
164 108 1 1   
488 405 8 1   
9 140 6 1   
45 348 3 1   
373 403 8 1   
254 394 5 1   
106 371 5 1   
330 392 10 1   
47 257 9 1   
233 278 4 1   
292 109 10 1   
171 160 1 1   
150 410 5 1   
132 289 6 1   
485 494 9 1   
106 470 1 1   
447 409 9 1   
356 220 1 1   
42      
440 73     
43 414     
284 311     
29 237     
157 335     
77 132     
190 89     
76 114     
191 240     
309 156     
83 360     
209 498     
476 188     
3 129     
409 448     
264 18     
489 217     
154 130     
254 271     
246 500     
15 204     
145 387     
433 439     
84 216     
421 344     
123 133     
380 249     
481 340     
442 408     
265 218     
437 298     
241 496     
224 493     
363 215     
400 451     
342 118     
146 349     
78 425     
203 449     
64 357     
261 276     
261 194     
6      
8      
3 43 83 261 123 472 118 64

