500 625
112 3 10 1
102 3 9 1
102 264 5 1
112 89 7 1
112 160 7 1
210 160 5 1
3 73 5 1
377 160 6 1
73 118 7 1
102 158 2 1
73 344 5 1
120 377 3 1
118 274 8 1
345 112 7 1
344 406 7 1
210 66 10 1
158 205 4 1
148 274 2 1
408 112 4 1
12 274 8 1
274 307 7 1
66 358 6 1
258 377 8 1
345 125 7 1
64 89 3 1
365 66 7 1
210 45 6 1
38 358 1 1
87 345 1 1
337 66 7 1
258 437 2 1
34 258 2 1
45 246 7 1
191 87 10 1
499 102 6 1
191 241 1 1
38 212 1 1
206 437 4 1
443 408 2 1
372 120 2 1
246 348 4 1
408 492 5 1
336 258 10 1
337 230 4 1
102 240 1 1
102 122 4 1
87 479 4 1
424 89 4 1
278 34 4 1
91 112 1 1
427 479 7 1
327 336 2 1
102 92 9 1
131 112 8 1
306 34 8 1
322 112 8 1
73 463 5 1
419 492 7 1
78 118 6 1
125 100 3 1
408 373 2 1
108 327 7 1
212 265 10 1
12 495 5 1
68 492 1 1
322 273 5 1
319 3 8 1
64 429 9 1
463 79 4 1
265 53 4 1
296 264 3 1
178 264 1 1
131 455 10 1
75 66 6 1
118 31 8 1
175 75 9 1
135 175 7 1
13 322 8 1
194 327 7 1
138 429 7 1
482 53 9 1
212 133 5 1
373 448 2 1
87 323 3 1
457 273 5 1
108 76 4 1
274 379 8 1
409 372 7 1
372 415 9 1
340 210 2 1
373 24 2 1
500 230 7 1
100 202 9 1
275 175 10 1
481 373 9 1
86 78 9 1
370 45 3 1
327 432 9 1
291 202 6 1
120 123 8 1
456 191 7 1
345 81 1 1
482 65 1 1
241 320 1 1
486 102 9 1
429 220 8 1
457 63 10 1
384 246 3 1
481 238 7 1
282 34 4 1
118 253 9 1
411 86 8 1
246 402 7 1
87 413 8 1
482 247 8 1
419 459 7 1
319 28 3 1
410 123 2 1
232 492 8 1
136 320 5 1
98 358 5 1
340 435 6 1
75 166 5 1
243 45 5 1
69 455 7 1
98 414 5 1
7 75 9 1
328 232 5 1
142 327 2 1
125 159 5 1
418 481 1 1
120 252 4 1
31 41 10 1
139 275 3 1
370 466 8 1
480 427 10 1
83 273 6 1
477 365 9 1
499 110 3 1
194 4 1 1
413 204 4 1
76 420 7 1
336 290 1 1
299 120 4 1
497 142 2 1
322 339 5 1
34 242 2 1
146 410 8 1
109 274 4 1
37 344 9 1
187 41 8 1
135 351 8 1
20 230 4 1
478 323 2 1
418 487 8 1
459 182 9 1
426 175 4 1
463 312 3 1
194 342 2 1
385 278 6 1
182 72 9 1
245 220 3 1
134 4 4 1
62 385 7 1
143 159 4 1
222 79 5 1
273 324 8 1
63 129 10 1
163 420 2 1
424 14 4 1
219 463 7 1
85 210 10 1
299 193 8 1
181 282 10 1
339 217 7 1
355 166 1 1
267 418 5 1
158 161 1 1
392 252 3 1
396 424 3 1
480 203 9 1
385 200 7 1
146 114 4 1
28 209 8 1
37 446 4 1
4 488 4 1
210 132 9 1
7 361 8 1
319 51 6 1
452 217 7 1
331 112 2 1
435 226 10 1
160 269 6 1
343 324 5 1
371 79 2 1
11 355 3 1
145 64 6 1
481 461 1 1
490 68 7 1
428 206 2 1
25 497 8 1
302 114 6 1
45 231 3 1
35 182 1 1
441 342 6 1
306 208 8 1
96 492 10 1
23 161 9 1
146 298 4 1
157 490 10 1
122 104 6 1
349 361 9 1
189 410 10 1
112 42 7 1
412 290 1 1
270 98 5 1
20 422 1 1
336 389 6 1
270 186 8 1
385 88 8 1
302 177 3 1
287 231 2 1
171 241 5 1
193 394 7 1
123 257 10 1
463 374 8 1
193 165 1 1
389 99 1 1
311 389 3 1
67 441 7 1
382 204 1 1
439 323 5 1
159 316 9 1
29 418 8 1
17 157 3 1
424 154 4 1
337 121 5 1
287 444 2 1
474 408 8 1
445 210 8 1
86 283 1 1
215 163 8 1
207 25 9 1
388 17 7 1
62 289 3 1
446 90 10 1
130 20 2 1
82 267 3 1
372 317 3 1
362 123 8 1
449 414 5 1
135 33 9 1
462 355 5 1
271 406 6 1
163 325 9 1
132 369 7 1
375 435 1 1
42 398 2 1
412 447 9 1
301 307 4 1
358 436 8 1
251 317 3 1
423 200 8 1
385 167 7 1
405 73 7 1
81 483 5 1
323 330 4 1
318 291 8 1
48 466 7 1
424 169 3 1
426 255 8 1
252 140 10 1
39 355 5 1
400 219 4 1
18 455 4 1
204 383 2 1
181 440 7 1
492 363 3 1
259 25 10 1
450 448 1 1
489 408 4 1
449 476 3 1
439 338 2 1
24 393 10 1
354 340 1 1
326 369 7 1
237 400 4 1
429 1 3 1
275 244 2 1
146 333 6 1
366 298 8 1
282 417 9 1
179 110 8 1
301 485 5 1
187 22 4 1
350 495 6 1
478 58 4 1
2 129 10 1
60 100 4 1
390 440 9 1
348 294 2 1
478 144 3 1
256 4 9 1
29 236 4 1
400 49 10 1
455 36 8 1
22 292 6 1
159 254 7 1
181 47 5 1
279 383 8 1
425 282 2 1
66 95 2 1
300 405 7 1
363 201 6 1
437 223 4 1
157 147 1 1
219 71 7 1
16 66 6 1
483 218 9 1
225 205 10 1
257 304 3 1
182 198 10 1
7 454 9 1
397 437 1 1
32 287 9 1
281 104 7 1
431 389 3 1
123 56 1 1
238 391 4 1
81 263 1 1
80 85 4 1
441 380 6 1
395 466 3 1
264 498 10 1
19 144 6 1
472 330 10 1
496 455 4 1
159 176 7 1
40 338 9 1
189 155 8 1
432 277 8 1
51 360 7 1
5 125 6 1
126 372 7 1
193 128 8 1
103 411 5 1
363 21 9 1
216 369 3 1
432 93 1 1
430 240 1 1
297 148 10 1
102 268 4 1
403 413 5 1
181 335 1 1
151 337 5 1
377 434 5 1
40 54 8 1
243 401 4 1
314 384 5 1
278 239 10 1
130 227 10 1
180 45 2 1
373 285 8 1
189 174 7 1
94 63 8 1
70 482 1 1
25 353 5 1
457 262 10 1
266 181 2 1
59 452 4 1
307 367 6 1
303 257 1 1
471 18 8 1
445 162 2 1
173 147 2 1
239 352 1 1
275 438 9 1
314 313 7 1
467 264 8 1
378 336 4 1
243 105 9 1
293 16 3 1
201 442 10 1
192 201 5 1
425 106 10 1
272 220 8 1
61 85 9 1
144 460 5 1
42 464 1 1
89 332 3 1
97 297 4 1
234 252 8 1
368 180 7 1
143 261 5 1
39 386 1 1
197 411 5 1
414 451 6 1
288 11 1 1
44 208 4 1
172 236 4 1
356 62 9 1
194 453 10 1
142 52 8 1
67 152 2 1
84 442 7 1
479 137 7 1
150 133 10 1
329 435 7 1
229 333 5 1
404 419 2 1
369 484 9 1
110 295 1 1
239 30 4 1
431 188 3 1
470 397 1 1
164 404 10 1
346 73 9 1
305 206 6 1
124 349 1 1
359 482 8 1
468 216 1 1
95 46 2 1
335 156 2 1
494 371 6 1
421 209 8 1
435 233 4 1
26 241 9 1
235 14 1 1
458 71 4 1
126 309 8 1
261 228 1 1
308 181 4 1
407 194 9 1
274 376 5 1
207 116 4 1
420 15 9 1
354 260 5 1
9 252 2 1
22 6 4 1
310 135 7 1
283 465 3 1
74 42 2 1
185 325 6 1
214 500 5 1
276 415 9 1
89 433 7 1
141 425 4 1
133 250 6 1
3 190 6 1
398 117 9 1
34 168 3 1
447 115 7 1
153 202 1 1
416 5 4 1
50 409 6 1
274 119 10 1
479 399 10 1
154 387 8 1
11 381 7 1
109 55 10 1
221 448 7 1
123 364 2 1
97 195 9 1
473 461 6 1
290 113 3 1
129 315 8 1
344 475 9 1
138 493 4 1
134 341 9 1
8 268 3 1
493 127 4 1
474 57 8 1
491 421 1 1
170 448 3 1
248 452 5 1
280 250 1 1
273 357 1 1
469 21 5 1
286 317 2 1
184 351 8 1
199 362 4 1
477 10 9 1
429 249 7 1
77 24 2 1
211 82 2 1
96 27 8 1
24 111 4 1
15 196 5 1
284 400 3 1
224 259 2 1
43 467 2 1
282 347 10 1
107 477 1 1
324 149 1 1
474 321 4 1
213 201 4 1
362 334 10 1
234 183 9 1
463 101 3 1
40 26 4 1
45 324 8 1
251 136 5 1
147 115 6 1
186 372 4 1
133 144 6 1
279 113 6 1
89 236 8 1
408 354 1 1
441 124 10 1
416 57 5 1
145 96 10 1
192 458 3 1
134 398 3 1
147 212 3 1
140 436 4 1
113 484 9 1
105 330 1 1
452 239 10 1
206 477 5 1
461 110 10 1
205 78 2 1
203 360 10 1
423 84 8 1
364 52 10 1
264 235 10 1
430 183 1 1
247 112 9 1
172 326 9 1
279 32 2 1
175 370 7 1
377 39 2 1
109 406 9 1
375 431 5 1
337 130 10 1
415 491 6 1
41 173 9 1
193 47 1 1
266 337 6 1
21 196 9 1
83 18 3 1
271 234 1 1
352 82 10 1
349 228 4 1
409 143 1 1
400 391 1 1
474 284 7 1
58 466 7 1
246 143 6 1
368 465 8 1
68 405 5 1
332 362 7 1
157 211 3 1
196 60 4 1
234 415 8 1
265 497 4 1
461 84 1 1
12 265 10 1
76 440 9 1
10 195 6 1
238 423 10 1
374 279 7 1
168 13 4 1
471 90 1 1
299 180 7 1
317 365 7 1
365 145 3 1
382 467 8 1
317 466 2 1
487 304 3 1
206 159 10 1
206 276 4 1
303 494 9 1
178 404 6 1
451 492 2 1
270 38 10 1
104 232 6 1
298 331 4 1
190 161 5 1
367 281 3 1
238 87 8 1
47 284 2 1
372 62 3 1
57 468 9 1
312 124 8 1
384 417 4 1
195 329 1 1
196 232 5 1
369 213 3 1
476 321 3 1
201 73 5 1
197 381 2 1
362 95 2 1
373 202 7 1
248 87 4 1
227 359 2 1
164 345 3 1
5 485 7 1
122 454 7 1
148 308 2 1
444 204 5 1
320 444 5 1
383 298 8 1
420 182 7 1
467 484 7 1
5 406 6 1
234 5 1 1
223 381 4 1
358 381 7 1
378 417 8 1
59 118 3 1
243 220 10 1
136 418 1 1
250 1 8 1
280 136 1 1
161 141 5 1
182 6 10 1
25 33 9 1
327 227 7 1
75 92 7 1
427 265 5 1
200 68 6 1
231 268 9 1
155 35 10 1
224 430 6 1
435 213 9 1
125
353 373
353 298 
353 24 
353 70 
353 334 
353 1 
353 464 
353 469 
353 236 
353 7 
353 438 
353 316 
353 69 
353 56 
353 22 
353 217 
353 410 
353 487 
353 111 
353 3 
353 290 
353 12 
353 347 
353 402 
353 285 
353 54 
353 477 
353 107 
353 340 
353 305 
353 184 
353 235 
353 413 
353 282 
353 450 
353 374 
353 263 
353 246 
353 160 
353 493 
353 409 
353 183 
353 249 
353 257 
353 207 
353 233 
353 125 
353 31 
353 161 
353 310 
353 321 
353 64 
353 202 
353 212 
353 416 
353 289 
353 368 
353 300 
353 226 
353 286 
353 129 
353 27 
353 452 
353 225 
353 426 
353 272 
353 84 
353 328 
353 230 
353 20 
353 182 
353 136 
353 4 
353 199 
353 403 
353 145 
353 431 
353 198 
353 441 
353 386 
353 40 
353 71 
353 446 
353 422 
353 49 
353 248 
353 453 
353 153 
353 499 
353 103 
353 41 
353 143 
353 141 
353 379 
353 384 
353 105 
353 29 
353 154 
353 457 
353 372 
353 124 
353 144 
353 59 
353 270 
353 428 
353 197 
353 319 
353 397 
353 162 
353 460 
353 346 
353 18 
353 301 
353 443 
353 495 
353 118 
353 32 
353 268 
353 420 
353 78 
353 36 
353 242 
353 359 
353 104 
353 6 
6
1
353
