500 3454
1 2 384.148295 1
1 35 16.673578 1
1 195 41.619718 1
1 423 31.245430 1
1 362 41.780995 1
1 491 32.464130 1
1 428 43.478600 1
1 461 37.142051 1
1 174 29.930085 1
1 464 5.358025 1
1 465 212.954914 1
1 370 42.309380 1
1 189 44.556318 1
1 371 28.230102 1
1 469 256.891385 1
1 86 21.038811 1
1 468 7.315611 1
1 61 16.854914 1
1 319 44.152801 1
1 320 40.813619 1
2 65 11.700044 1
2 36 28.726339 1
2 4 468.765116 1
2 102 21.767434 1
2 132 31.909594 1
2 455 33.557778 1
2 233 33.614886 1
2 473 26.035811 1
2 303 44.494927 1
2 112 38.852841 1
2 247 40.816412 1
2 88 19.881386 1
2 343 25.517567 1
2 442 15.972545 1
2 219 11.971963 1
2 221 66.431574 1
2 350 36.692814 1
2 288 36.810381 1
3 129 32.318816 1
3 322 7.691993 1
3 325 215.375501 1
3 6 105.080224 1
3 363 24.424230 1
3 82 27.743993 1
3 308 26.112055 1
3 284 43.630760 1
4 354 33.471505 1
4 323 13.753336 1
4 8 337.885686 1
4 73 18.681335 1
4 136 25.019755 1
4 113 26.283229 1
4 83 22.841060 1
4 148 22.325357 1
4 342 42.168194 1
4 279 12.565500 1
4 90 36.875207 1
4 283 309.360768 1
4 382 44.240950 1
5 104 41.049688 1
5 10 202.595549 1
5 171 33.265359 1
5 140 41.714348 1
5 431 24.622520 1
5 240 37.364065 1
6 97 18.987954 1
6 196 37.397479 1
6 356 44.160448 1
6 199 27.790303 1
6 392 25.339624 1
6 137 14.305414 1
6 12 173.617352 1
6 143 264.451682 1
6 399 33.090338 1
6 118 37.496117 1
6 185 19.199774 1
6 250 28.754258 1
6 348 18.603482 1
6 125 10.309565 1
6 351 43.602057 1
7 161 34.468155 1
7 130 39.672016 1
7 131 41.213680 1
7 321 30.048232 1
7 165 37.557970 1
7 420 5.515395 1
7 263 36.260892 1
7 168 33.715552 1
7 327 17.500761 1
7 328 32.281019 1
7 427 49.557380 1
7 360 5.827693 1
7 393 34.240526 1
7 14 375.625933 1
7 366 28.889418 1
7 425 24.334829 1
7 209 18.029420 1
7 433 43.535039 1
7 341 24.648979 1
7 345 31.759883 1
7 30 16.746930 1
8 193 10.600185 1
8 66 37.388453 1
8 418 22.498400 1
8 68 33.871940 1
8 451 27.182835 1
8 482 18.842575 1
8 487 40.180753 1
8 201 342.840059 1
8 170 43.606255 1
8 110 21.017996 1
8 16 201.607650 1
8 467 35.148714 1
8 158 15.227107 1
8 188 35.740944 1
8 126 44.403290 1
8 31 38.502192 1
9 289 44.227770 1
9 98 44.085410 1
9 355 17.463724 1
9 385 12.746140 1
9 133 12.481145 1
9 422 42.103831 1
9 169 28.334388 1
9 74 37.292690 1
9 202 27.786070 1
9 204 36.991711 1
9 332 18.180634 1
9 426 41.107200 1
9 493 32.327937 1
9 18 225.493226 1
9 341 199.098945 1
9 285 28.691065 1
9 62 35.592594 1
10 97 38.158816 1
10 227 12.843507 1
10 356 22.418624 1
10 42 35.840832 1
10 490 28.252673 1
10 237 245.058512 1
10 20 405.043662 1
10 218 36.667996 1
10 478 41.812103 1
11 258 23.470883 1
11 230 16.932484 1
11 427 36.360239 1
11 463 34.048566 1
11 22 139.758394 1
11 58 27.692600 1
11 414 22.004719 1
11 415 42.966899 1
12 482 315.873683 1
12 391 22.107340 1
12 394 26.786543 1
12 236 37.914535 1
12 207 14.140382 1
12 85 41.871896 1
12 373 43.798767 1
12 470 5.389170 1
12 24 372.691550 1
12 25 17.785559 1
12 410 28.360215 1
12 157 23.659481 1
12 159 42.903147 1
13 122 37.815008 1
13 391 40.685728 1
13 394 35.173589 1
13 236 12.088639 1
13 109 29.249835 1
13 271 32.671765 1
13 466 28.602712 1
13 372 34.933028 1
13 53 20.765742 1
13 373 38.606156 1
13 249 42.415972 1
13 26 295.861159 1
13 155 19.537196 1
13 287 25.785898 1
14 226 37.311287 1
14 356 32.408568 1
14 453 449.469409 1
14 137 42.410829 1
14 490 33.205696 1
14 340 43.570403 1
14 118 37.183944 1
14 439 9.093404 1
14 185 34.120124 1
14 218 39.359278 1
14 28 240.810696 1
15 481 36.655963 1
15 458 34.168544 1
15 50 18.242723 1
15 51 40.914617 1
15 84 43.357086 1
15 210 33.701357 1
15 22 32.776817 1
15 307 44.290504 1
15 154 28.892054 1
15 380 25.958713 1
15 30 207.050872 1
15 446 42.298598 1
16 449 133.249588 1
16 389 26.188286 1
16 282 17.739142 1
16 298 6.153420 1
16 427 40.799690 1
16 46 18.613029 1
16 495 10.502449 1
16 80 21.022603 1
16 368 15.045396 1
16 401 21.999201 1
16 433 18.576863 1
16 314 341.179359 1
16 252 20.876507 1
16 32 69.130422 1
17 34 267.054497 1
17 35 35.919576 1
17 484 27.876404 1
17 461 38.600126 1
17 174 28.934769 1
17 143 29.857771 1
17 371 25.821052 1
17 277 38.000504 1
17 445 35.474679 1
17 61 44.329150 1
18 36 363.044083 1
18 261 38.476403 1
18 166 30.920804 1
18 423 39.307813 1
18 362 30.142894 1
18 480 26.873967 1
18 428 26.581216 1
18 461 43.632637 1
18 240 42.938100 1
18 434 31.862604 1
18 319 29.452476 1
18 64 36.474297 1
19 289 35.394754 1
19 324 22.362540 1
19 38 278.158012 1
19 74 38.743575 1
19 331 182.297621 1
19 204 32.014449 1
19 365 26.767845 1
19 426 28.473956 1
19 239 31.235589 1
19 336 23.057105 1
19 498 42.939721 1
19 405 35.433124 1
19 437 9.395693 1
19 469 20.040916 1
19 312 18.856552 1
19 121 20.487428 1
19 314 35.433992 1
20 481 31.609514 1
20 69 43.411434 1
20 198 24.359768 1
20 40 366.891591 1
20 424 31.262780 1
20 458 18.477055 1
20 75 28.920323 1
20 176 44.254692 1
20 51 12.164210 1
20 339 26.826898 1
20 217 25.516911 1
20 315 20.388350 1
20 316 34.148261 1
21 134 26.320269 1
21 42 227.821879 1
21 44 19.217244 1
21 77 15.525379 1
21 432 11.106920 1
21 475 34.481986 1
21 382 43.347163 1
22 33 25.902813 1
22 440 34.200950 1
22 292 37.817238 1
22 72 34.192993 1
22 329 270.666403 1
22 266 23.930784 1
22 44 553.481743 1
22 334 32.324141 1
22 497 43.712212 1
22 50 14.846707 1
22 210 22.410292 1
22 307 16.479290 1
22 55 42.090967 1
22 183 32.206305 1
22 476 34.232011 1
22 380 22.553092 1
22 446 31.241118 1
22 63 37.389709 1
22 160 27.713475 1
23 290 26.899119 1
23 387 42.975685 1
23 295 2.650962 1
23 456 13.571740 1
23 138 18.833365 1
23 269 25.175330 1
23 46 490.217096 1
23 47 18.607203 1
23 404 37.806051 1
23 150 28.225880 1
23 151 9.913974 1
23 374 39.897420 1
23 27 44.696078 1
23 29 29.088121 1
23 318 393.191687 1
23 479 422.963017 1
24 228 41.658832 1
24 357 36.761070 1
24 296 24.642915 1
24 48 77.341577 1
24 145 24.403722 1
24 337 18.923074 1
24 246 30.745100 1
24 54 13.547919 1
24 248 21.164971 1
24 438 25.176771 1
24 156 11.116195 1
24 416 19.868272 1
25 377 42.316255 1
25 391 39.891351 1
25 394 26.229243 1
25 207 18.394280 1
25 495 431.551317 1
25 50 358.843208 1
25 85 39.234944 1
25 373 40.347358 1
25 470 16.009245 1
25 249 40.476364 1
25 410 11.097554 1
25 157 37.761978 1
25 191 43.096082 1
26 194 40.334672 1
26 229 13.248002 1
26 38 31.958276 1
26 264 24.439036 1
26 274 17.169749 1
26 179 24.050423 1
26 52 404.638213 1
26 472 32.249346 1
26 474 40.901823 1
26 475 35.356682 1
26 124 16.710402 1
26 255 354.656366 1
27 408 16.919961 1
27 386 26.262934 1
27 387 1.971464 1
27 456 32.534551 1
27 138 26.765763 1
27 399 274.057606 1
27 466 21.991929 1
27 84 269.098802 1
27 372 14.189720 1
27 54 419.330893 1
27 87 35.505251 1
27 151 40.557823 1
27 57 8.345102 1
27 346 34.526387 1
27 155 29.450995 1
27 404 24.534612 1
27 414 442.611643 1
27 287 36.397960 1
28 66 35.293679 1
28 260 33.245089 1
28 425 162.561595 1
28 106 284.592364 1
28 329 17.087207 1
28 141 41.870194 1
28 78 5.524905 1
28 79 33.891389 1
28 367 39.061759 1
28 81 37.956343 1
28 338 19.485717 1
28 397 20.515208 1
28 398 17.606788 1
28 435 33.951647 1
28 467 38.271766 1
28 56 73.408617 1
29 295 30.805664 1
29 456 35.313496 1
29 138 28.774725 1
29 269 14.903991 1
29 47 19.890292 1
29 403 352.423523 1
29 374 13.142971 1
29 151 20.468314 1
29 408 40.826039 1
29 58 398.508013 1
30 130 24.975791 1
30 131 32.120618 1
30 263 29.609271 1
30 393 42.520860 1
30 407 33.823875 1
30 32 35.423665 1
30 420 11.326275 1
30 168 43.588886 1
30 425 28.222215 1
30 433 32.917735 1
30 60 177.633760 1
30 321 37.484512 1
30 450 281.488236 1
30 327 7.212498 1
30 328 39.694015 1
30 80 41.970082 1
30 209 30.142422 1
30 341 30.497470 1
30 345 19.123197 1
30 479 38.647883 1
30 357 170.783256 1
30 360 15.675057 1
30 366 24.110415 1
30 368 36.045183 1
31 482 28.161578 1
31 451 26.198652 1
31 68 22.311302 1
31 261 25.619234 1
31 172 33.706771 1
31 434 44.414004 1
31 62 221.979406 1
31 158 32.146306 1
31 126 29.582172 1
31 64 40.080633 1
32 321 43.817561 1
32 130 13.962985 1
32 163 168.163432 1
32 131 8.975085 1
32 345 16.304379 1
32 390 37.333697 1
32 263 15.744001 1
32 327 41.876474 1
32 360 42.261030 1
32 420 43.513989 1
32 396 38.563002 1
32 205 40.957682 1
32 366 21.801593 1
32 214 35.911370 1
32 407 10.207111 1
32 120 41.721644 1
32 377 328.372691 1
32 220 34.911356 1
32 479 12.926418 1
32 64 188.575034 1
33 66 305.890791 1
33 440 11.475400 1
33 292 12.798253 1
33 266 7.101577 1
33 299 483.806111 1
33 334 32.268038 1
33 497 40.455473 1
33 50 38.986923 1
33 210 44.477603 1
33 307 13.944069 1
33 55 42.115794 1
33 183 16.437951 1
33 473 179.197438 1
33 380 37.583904 1
33 63 14.686968 1
33 160 32.389412 1
34 68 210.954724 1
34 231 39.461419 1
34 395 37.620087 1
34 108 41.472037 1
34 365 42.549304 1
34 336 44.174959 1
34 498 24.601974 1
34 405 29.957485 1
34 182 41.058554 1
34 375 38.262602 1
34 314 44.394302 1
34 91 41.503229 1
35 70 76.957682 1
35 423 35.232560 1
35 362 44.451854 1
35 491 42.630141 1
35 428 44.568060 1
35 461 25.728540 1
35 174 19.774612 1
35 464 15.397480 1
35 370 41.867166 1
35 371 15.081416 1
35 468 13.086837 1
35 86 34.631895 1
35 61 18.021543 1
35 319 36.936901 1
36 65 23.095245 1
36 450 37.581390 1
36 132 18.865131 1
36 102 38.371273 1
36 455 28.759871 1
36 72 177.723830 1
36 303 26.770535 1
36 442 42.236173 1
36 219 22.755190 1
36 221 39.058240 1
36 94 19.461553 1
37 74 195.116475 1
37 413 254.359603 1
37 106 31.150772 1
37 376 5.992717 1
38 194 8.394483 1
38 229 20.563745 1
38 250 32.898481 1
38 199 37.954892 1
38 264 39.238806 1
38 76 401.176131 1
38 113 38.411899 1
38 274 16.937726 1
38 179 7.955993 1
38 148 41.910827 1
38 472 34.754453 1
38 217 420.475715 1
38 90 27.517221 1
38 124 23.684260 1
38 351 24.019170 1
39 450 43.811553 1
39 473 27.851729 1
39 361 31.510588 1
39 78 188.724519 1
39 112 27.076611 1
39 406 35.756122 1
39 343 41.837283 1
39 280 11.758188 1
39 281 40.481784 1
39 62 43.434269 1
39 319 325.625040 1
40 322 37.995977 1
40 483 22.095169 1
40 392 42.009457 1
40 430 26.932760 1
40 304 42.793253 1
40 177 12.446438 1
40 82 31.189261 1
40 80 400.320539 1
40 305 18.879692 1
40 118 28.765193 1
40 216 19.383465 1
41 353 1.626156 1
41 258 35.905945 1
41 449 28.840659 1
41 168 42.998787 1
41 394 342.805864 1
41 49 28.392777 1
41 82 349.907728 1
41 243 24.792662 1
41 58 41.974228 1
41 352 19.554517 1
42 419 43.578209 1
42 356 34.689399 1
42 490 20.169512 1
42 275 15.904145 1
42 84 378.369532 1
42 436 35.690741 1
42 218 11.231818 1
42 251 21.982673 1
42 317 207.123093 1
42 478 17.020265 1
43 288 24.611615 1
43 176 19.374568 1
43 442 33.033636 1
43 316 17.897395 1
43 192 21.681662 1
43 69 7.030472 1
43 198 25.566489 1
43 462 37.221952 1
43 84 39.462250 1
43 86 392.505383 1
43 343 33.565731 1
43 88 28.892443 1
43 217 42.013554 1
43 92 33.354135 1
43 350 44.407351 1
43 481 41.106849 1
43 102 39.586408 1
43 232 30.612532 1
43 233 22.591050 1
43 488 24.887423 1
43 112 49.042334 1
43 247 44.687435 1
44 134 7.137399 1
44 264 40.422282 1
44 77 25.450210 1
44 432 11.672689 1
44 178 422.909409 1
44 88 469.419401 1
44 475 21.576009 1
44 476 528.791266 1
44 128 35.643174 1
45 388 18.353125 1
45 390 29.116033 1
45 205 40.464966 1
45 272 28.353971 1
45 146 13.732825 1
45 214 37.846859 1
45 89 32.652610 1
45 90 428.853534 1
45 255 36.201373 1
45 384 23.817623 1
46 389 9.006953 1
46 298 24.333144 1
46 495 19.228803 1
46 252 34.280455 1
46 80 39.634865 1
46 368 31.840402 1
46 401 3.887918 1
46 433 35.219914 1
46 282 35.703165 1
46 92 272.156276 1
46 447 197.254027 1
47 290 30.100351 1
47 295 18.602565 1
47 456 31.003909 1
47 138 31.169712 1
47 269 7.931028 1
47 150 41.420852 1
47 151 17.323519 1
47 374 33.027572 1
47 316 256.590142 1
47 94 150.327804 1
48 67 33.740770 1
48 256 36.974946 1
48 101 39.746966 1
48 358 38.029031 1
48 421 30.596762 1
48 411 42.692853 1
48 242 37.093186 1
48 115 12.959111 1
48 434 41.737330 1
48 181 44.140037 1
48 311 22.944991 1
48 471 29.018281 1
48 283 22.272821 1
48 477 36.742714 1
48 286 31.240083 1
48 96 214.736723 1
48 64 41.645872 1
49 161 38.070628 1
49 98 161.977732 1
49 225 36.419818 1
49 292 128.019766 1
49 353 27.070043 1
49 449 23.082742 1
49 238 43.288855 1
49 402 32.803485 1
49 243 12.252232 1
49 352 43.967669 1
50 100 357.933115 1
50 72 42.748144 1
50 266 35.226444 1
50 210 24.935953 1
50 307 26.581173 1
50 476 42.949341 1
50 380 15.549564 1
50 446 34.919351 1
50 160 40.342178 1
51 481 20.391836 1
51 69 43.381614 1
51 102 81.573504 1
51 198 21.191830 1
51 424 43.326121 1
51 458 6.812315 1
51 75 41.083997 1
51 176 37.961745 1
51 316 36.446239 1
51 339 37.574730 1
51 84 34.835058 1
51 217 35.276823 1
51 315 32.498237 1
51 92 39.462007 1
52 450 33.126106 1
52 164 39.811167 1
52 104 331.551113 1
52 493 176.765177 1
52 178 40.676381 1
52 211 44.422809 1
52 441 12.831849 1
52 221 18.575136 1
52 94 28.069948 1
53 386 43.139641 1
53 106 103.988541 1
53 394 34.513036 1
53 236 19.326586 1
53 109 12.475544 1
53 271 11.912823 1
53 466 32.079218 1
53 372 40.227157 1
53 373 27.982275 1
53 249 31.251906 1
53 122 22.266866 1
53 155 30.340949 1
53 287 18.676356 1
54 357 39.991924 1
54 391 390.172890 1
54 296 12.259918 1
54 108 223.791615 1
54 188 35.989977 1
54 145 35.313104 1
54 337 11.736620 1
54 246 17.206924 1
54 438 36.624630 1
54 248 22.158548 1
54 411 43.438752 1
54 156 24.451385 1
54 477 33.644424 1
54 416 31.135093 1
55 292 42.248857 1
55 486 32.002925 1
55 72 19.690973 1
55 110 266.730259 1
55 334 10.477087 1
55 497 5.342241 1
55 210 37.167449 1
55 183 27.990680 1
55 215 138.143894 1
55 476 19.164989 1
55 446 33.396070 1
55 190 22.772784 1
55 63 37.073978 1
55 160 14.432105 1
56 321 42.185163 1
56 165 35.270922 1
56 393 37.154197 1
56 235 43.230890 1
56 236 297.697689 1
56 331 37.802393 1
56 238 38.146446 1
56 112 163.250953 1
56 114 20.961695 1
56 180 7.441665 1
56 245 36.955122 1
57 408 10.847408 1
57 386 17.947237 1
57 387 9.978928 1
57 456 37.713277 1
57 346 42.868669 1
57 138 29.925060 1
57 109 42.490458 1
57 429 473.520123 1
57 114 338.453786 1
57 466 19.461480 1
57 84 261.187096 1
57 372 13.708149 1
57 404 32.811043 1
57 87 43.833521 1
57 151 43.018768 1
57 122 39.344564 1
57 155 29.507221 1
57 287 31.404255 1
58 353 43.580013 1
58 258 19.172736 1
58 485 230.432021 1
58 230 23.474324 1
58 328 20.795199 1
58 168 19.445359 1
58 425 32.190253 1
58 427 25.672897 1
58 116 255.811413 1
58 341 29.832982 1
58 414 43.243520 1
59 418 117.465643 1
59 100 25.353582 1
59 357 34.292610 1
59 359 12.378878 1
59 76 28.588587 1
59 335 220.618208 1
59 111 40.012781 1
59 465 31.145908 1
59 496 13.500197 1
59 276 7.557432 1
59 118 365.471690 1
59 278 15.879652 1
59 60 15.001621 1
59 93 43.905891 1
59 224 24.764305 1
60 417 208.536177 1
60 419 389.187303 1
60 100 27.715026 1
60 357 19.298019 1
60 359 3.451778 1
60 76 42.781731 1
60 496 28.337820 1
60 465 34.502820 1
60 276 22.398838 1
60 278 18.734419 1
60 120 138.421931 1
60 248 37.099053 1
60 224 39.759096 1
61 200 39.101573 1
61 491 25.660652 1
61 461 43.747732 1
61 174 16.684646 1
61 464 20.829246 1
61 370 26.065964 1
61 371 18.540204 1
61 468 10.032910 1
61 86 21.472794 1
61 152 35.546035 1
61 122 352.793419 1
62 385 41.147106 1
62 452 33.856331 1
62 169 16.846002 1
62 361 21.970324 1
62 332 20.846423 1
62 208 31.650728 1
62 406 27.203003 1
62 124 352.858884 1
63 355 248.945708 1
63 292 5.490105 1
63 266 21.542877 1
63 334 29.456307 1
63 497 33.756442 1
63 307 28.445265 1
63 246 359.930509 1
63 183 9.696662 1
63 440 20.096609 1
63 126 367.858504 1
63 160 32.363023 1
64 482 43.451972 1
64 67 23.966924 1
64 68 28.436678 1
64 166 34.607510 1
64 172 15.643061 1
64 283 19.824448 1
64 498 228.338630 1
64 434 7.093642 1
64 347 95.058913 1
64 188 39.924260 1
64 477 38.757437 1
64 126 17.913451 1
64 128 210.716111 1
65 130 277.871542 1
65 132 20.798133 1
65 102 16.346152 1
65 455 21.900507 1
65 473 37.687477 1
65 233 32.941053 1
65 462 42.533651 1
65 303 33.342215 1
65 247 32.994744 1
65 88 23.822257 1
65 343 35.423337 1
65 442 19.747067 1
65 219 0.384708 1
65 284 265.564274 1
65 350 28.720656 1
65 94 41.835546 1
65 288 34.848911 1
66 193 40.190777 1
66 451 25.135300 1
66 132 288.587480 1
66 260 16.354803 1
66 485 44.662369 1
66 487 39.193670 1
66 297 25.807768 1
66 329 19.382941 1
66 141 17.505292 1
66 110 38.043078 1
66 78 36.029420 1
66 79 30.834436 1
66 398 19.469379 1
66 435 32.937158 1
66 467 25.629446 1
67 482 36.508007 1
67 68 27.857053 1
67 134 257.752334 1
67 296 36.258631 1
67 172 15.929477 1
67 239 277.214573 1
67 337 44.055559 1
67 434 29.750073 1
67 115 35.492932 1
67 246 32.720002 1
67 158 39.009222 1
67 283 23.155760 1
67 188 21.479085 1
67 477 14.790685 1
67 126 19.584772 1
68 193 42.738887 1
68 482 15.519576 1
68 451 38.778514 1
68 136 304.653806 1
68 172 15.210285 1
68 434 35.055573 1
68 158 20.142903 1
68 283 43.282291 1
68 188 24.115079 1
68 477 36.393894 1
68 126 11.253504 1
69 385 117.134679 1
69 481 40.884012 1
69 288 31.636826 1
69 198 22.542411 1
69 232 28.117208 1
69 233 29.574523 1
69 138 245.089008 1
69 488 30.736977 1
69 462 43.841724 1
69 112 49.288251 1
69 176 22.684684 1
69 316 11.125269 1
69 84 41.743308 1
69 343 36.051139 1
69 88 34.526607 1
69 217 35.137851 1
69 442 38.696705 1
69 92 36.728733 1
69 192 18.482300 1
70 200 28.921532 1
70 107 21.424941 1
70 140 137.324455 1
70 267 30.045956 1
70 206 19.527189 1
70 175 11.451297 1
70 299 27.800594 1
70 491 35.003716 1
70 244 22.076725 1
70 245 312.253304 1
70 86 43.212855 1
70 152 34.134351 1
70 189 25.303503 1
70 254 32.594783 1
71 417 33.919428 1
71 98 33.348559 1
71 483 206.370866 1
71 422 43.854713 1
71 454 35.682335 1
71 457 29.972579 1
71 459 21.562697 1
71 301 39.493673 1
71 142 299.245876 1
71 367 22.266270 1
71 397 29.664741 1
71 81 26.534473 1
71 338 29.585736 1
71 117 39.642155 1
71 119 32.836934 1
71 412 24.250671 1
71 413 27.603796 1
71 222 30.909054 1
72 262 92.178672 1
72 486 30.119782 1
72 334 19.196952 1
72 144 349.588838 1
72 497 24.712708 1
72 210 20.118726 1
72 183 37.725181 1
72 476 0.528379 1
72 446 13.977634 1
72 190 12.142784 1
72 160 15.006623 1
73 354 30.138629 1
73 323 20.010647 1
73 136 30.213644 1
73 264 34.638025 1
73 113 17.396609 1
73 146 444.678826 1
73 83 23.309356 1
73 148 18.354720 1
73 279 11.720066 1
73 90 29.865244 1
73 475 43.100506 1
73 124 41.929788 1
73 382 37.473345 1
74 289 6.936430 1
74 98 43.796175 1
74 355 29.752538 1
74 133 26.736572 1
74 422 33.884559 1
74 426 29.236251 1
74 363 132.466126 1
74 204 9.919666 1
74 332 42.302410 1
74 365 30.818663 1
74 395 40.986438 1
74 336 32.792079 1
74 148 316.241513 1
74 469 40.384758 1
74 278 313.219004 1
74 312 34.402046 1
74 121 26.998370 1
75 225 29.149779 1
75 163 24.629949 1
75 390 209.530131 1
75 424 4.831704 1
75 499 427.202853 1
75 339 15.897045 1
75 150 332.485342 1
75 217 20.980653 1
75 315 9.101670 1
75 316 44.617004 1
76 257 32.369947 1
76 447 21.428828 1
76 359 40.716142 1
76 489 38.081211 1
76 460 32.698196 1
76 142 40.729873 1
76 111 29.881742 1
76 496 19.284431 1
76 465 33.041690 1
76 116 30.277907 1
76 253 29.923134 1
76 276 23.082446 1
76 278 30.731725 1
76 152 284.828238 1
76 93 17.928045 1
76 127 33.794063 1
76 224 10.462120 1
77 354 38.088287 1
77 98 335.631842 1
77 134 30.977168 1
77 264 44.517234 1
77 432 13.892186 1
77 154 556.218700 1
77 475 29.677547 1
77 382 29.053508 1
78 260 36.371843 1
78 487 42.491336 1
78 329 16.797539 1
78 106 287.995849 1
78 141 44.697988 1
78 397 23.088396 1
78 79 38.600941 1
78 367 41.153761 1
78 81 39.502017 1
78 338 22.391210 1
78 398 16.980188 1
78 435 29.690341 1
78 467 35.199405 1
78 184 41.839927 1
78 156 118.441084 1
79 417 26.077184 1
79 260 14.821881 1
79 485 14.872980 1
79 297 20.522311 1
79 329 31.861619 1
79 268 22.406346 1
79 141 20.202603 1
79 301 33.027165 1
79 397 43.322422 1
79 398 32.915287 1
79 338 41.609347 1
79 412 44.436187 1
79 158 77.603686 1
80 230 38.341026 1
80 327 35.293258 1
80 168 42.599263 1
80 328 35.732905 1
80 362 313.223704 1
80 298 15.613558 1
80 425 29.665956 1
80 427 20.399324 1
80 495 25.399626 1
80 368 13.233250 1
80 401 42.985682 1
80 433 13.155316 1
80 341 32.464751 1
80 282 7.760016 1
80 252 20.606768 1
80 160 159.700325 1
81 162 190.417840 1
81 293 22.927509 1
81 397 17.963528 1
81 303 229.453922 1
81 367 4.352066 1
81 338 19.435173 1
81 117 19.138097 1
81 222 10.313153 1
81 448 37.251688 1
82 322 21.651651 1
82 483 34.263431 1
82 164 271.987893 1
82 363 44.317422 1
82 430 43.120244 1
82 304 33.738467 1
82 177 42.783456 1
82 308 40.315860 1
83 354 10.812509 1
83 323 34.716837 1
83 166 273.962370 1
83 113 39.991824 1
83 148 39.057940 1
83 437 363.380600 1
83 279 28.866444 1
83 382 22.178514 1
84 481 14.698079 1
84 198 28.892384 1
84 168 186.570837 1
84 233 43.166632 1
84 458 32.203070 1
84 488 25.027617 1
84 397 219.908036 1
84 462 35.111081 1
84 176 20.236506 1
84 316 43.887604 1
84 444 21.542956 1
84 313 12.588170 1
84 154 23.682563 1
84 92 8.498173 1
84 288 40.067971 1
85 419 35.155978 1
85 170 323.327512 1
85 207 27.731576 1
85 147 30.724953 1
85 275 39.314585 1
85 436 26.811938 1
85 470 36.526652 1
85 251 35.697476 1
85 157 37.042583 1
85 159 27.176324 1
86 195 35.586835 1
86 200 31.034351 1
86 267 42.941876 1
86 172 135.657214 1
86 491 13.639592 1
86 174 37.963806 1
86 464 26.135697 1
86 370 35.151165 1
86 371 39.890129 1
86 244 24.977659 1
86 468 21.551686 1
86 152 30.372276 1
86 189 25.649081 1
87 387 34.058444 1
87 456 34.751951 1
87 138 40.527036 1
87 491 395.178112 1
87 174 423.996266 1
87 433 463.452246 1
87 372 41.808978 1
87 309 30.150420 1
87 150 43.231376 1
87 404 12.729057 1
87 346 1.755522 1
87 95 44.626572 1
88 321 211.325063 1
88 132 42.729696 1
88 288 20.110062 1
88 102 16.619327 1
88 455 39.124218 1
88 232 36.806917 1
88 233 15.874195 1
88 488 34.229851 1
88 462 34.864636 1
88 431 314.185947 1
88 112 38.352523 1
88 176 40.250226 1
88 247 32.848106 1
88 343 18.847501 1
88 473 29.701125 1
88 442 4.170189 1
88 219 24.200460 1
88 350 29.879529 1
88 192 34.572865 1
89 228 21.631281 1
89 388 15.929581 1
89 361 258.846979 1
89 396 44.308404 1
89 272 7.821752 1
89 145 39.051521 1
89 178 360.891955 1
89 146 37.062040 1
89 214 28.212000 1
89 438 36.911818 1
89 477 102.516616 1
89 255 17.476553 1
89 416 41.758946 1
90 194 26.937870 1
90 323 24.511745 1
90 229 40.429938 1
90 136 20.746550 1
90 264 34.918203 1
90 203 240.894843 1
90 369 380.099775 1
90 113 12.513428 1
90 179 30.436873 1
90 180 378.818759 1
90 148 14.566137 1
90 274 38.701090 1
90 279 24.997912 1
90 342 29.627464 1
90 124 28.782694 1
90 351 29.656332 1
91 108 37.839330 1
91 173 31.666252 1
91 270 43.262016 1
91 364 25.607841 1
91 466 167.651621 1
91 149 35.941803 1
91 182 42.914036 1
91 375 4.779493 1
91 284 21.610259 1
91 223 16.401025 1
91 96 37.499467 1
92 481 20.811611 1
92 198 28.651193 1
92 488 16.536808 1
92 233 34.777743 1
92 458 38.035682 1
92 462 27.278799 1
92 176 14.106913 1
92 405 220.458537 1
92 444 23.435708 1
92 247 40.215119 1
92 184 235.670867 1
92 313 13.767931 1
92 154 30.838413 1
92 316 40.828553 1
92 350 43.054878 1
92 288 31.590259 1
93 257 24.830867 1
93 447 24.735545 1
93 489 25.539836 1
93 460 31.828519 1
93 142 39.913709 1
93 111 44.154888 1
93 496 36.867470 1
93 465 34.786510 1
93 116 39.427644 1
93 276 39.802705 1
93 278 40.428669 1
93 186 171.777140 1
93 253 17.706464 1
93 127 20.872810 1
93 224 28.038401 1
94 450 27.531229 1
94 132 36.326939 1
94 303 39.732084 1
94 441 38.986296 1
94 219 41.530352 1
94 188 355.237943 1
94 221 22.015018 1
95 309 14.514269 1
95 190 395.818193 1
96 103 30.029372 1
96 171 39.867565 1
96 108 23.286462 1
96 269 273.172115 1
96 140 33.118551 1
96 173 8.536364 1
96 270 18.088339 1
96 363 28.235382 1
96 308 34.264589 1
96 375 41.446621 1
96 192 232.048457 1
97 194 67.774497 1
97 227 37.553449 1
97 196 41.350224 1
97 356 33.340593 1
97 199 39.941020 1
97 392 42.447913 1
97 137 30.506468 1
97 399 23.890580 1
97 185 31.072208 1
97 445 291.872195 1
97 348 9.362988 1
97 125 27.308116 1
98 385 41.422205 1
98 355 27.349519 1
98 196 286.120929 1
98 133 35.066699 1
98 422 10.988071 1
98 454 27.289342 1
98 457 29.258592 1
98 459 35.028835 1
98 493 37.681690 1
98 241 32.711158 1
98 119 21.569579 1
98 413 21.436870 1
98 412 36.468813 1
98 285 34.487811 1
98 383 309.723050 1
99 452 34.862999 1
99 198 107.041185 1
99 135 33.188247 1
99 105 20.449863 1
99 202 34.715766 1
99 330 18.418709 1
99 493 40.116145 1
99 494 11.728896 1
99 208 34.479918 1
99 245 38.809117 1
99 215 31.369627 1
99 285 43.716469 1
99 448 31.079900 1
100 357 39.386409 1
100 359 24.753489 1
100 200 288.405414 1
100 234 23.577591 1
100 111 40.473401 1
100 496 27.712566 1
100 276 25.565000 1
100 278 40.456531 1
100 224 38.316807 1
101 358 6.601479 1
101 202 273.340322 1
101 459 220.476675 1
101 429 13.780561 1
101 379 15.116999 1
101 411 23.792255 1
101 273 15.198163 1
101 242 2.688265 1
101 115 30.232171 1
101 181 4.700849 1
101 343 378.451869 1
101 311 23.107791 1
101 282 262.492145 1
101 347 24.250414 1
101 381 25.326457 1
101 344 30.644069 1
102 132 29.054093 1
102 455 23.293743 1
102 488 33.362139 1
102 233 18.012732 1
102 204 148.111291 1
102 462 26.658852 1
102 303 39.579253 1
102 176 44.011605 1
102 247 19.302037 1
102 343 34.628059 1
102 473 42.662216 1
102 442 14.592123 1
102 219 16.570792 1
102 349 496.698601 1
102 350 15.395315 1
102 288 18.987434 1
103 203 22.655163 1
103 171 40.998744 1
103 173 30.755821 1
103 108 25.698217 1
103 140 43.578291 1
103 206 200.178826 1
103 241 41.777177 1
103 270 17.790267 1
104 162 14.592238 1
104 195 32.214732 1
104 197 15.518106 1
104 301 118.783125 1
104 335 33.011143 1
104 240 41.483089 1
104 208 251.206262 1
104 431 16.852828 1
104 320 39.778555 1
105 163 34.234405 1
105 452 36.107897 1
105 135 33.407382 1
105 330 8.199720 1
105 494 28.655286 1
105 208 37.571656 1
105 210 121.841608 1
105 435 139.084571 1
105 245 44.539955 1
105 215 22.958991 1
106 164 38.594286 1
106 167 35.522483 1
106 302 28.215278 1
106 178 29.407674 1
106 211 32.252723 1
106 212 352.425240 1
106 376 32.242293 1
106 441 38.146363 1
107 200 17.555044 1
107 267 10.594925 1
107 491 33.120813 1
107 333 27.518782 1
107 206 12.257598 1
107 175 24.792744 1
107 370 42.255927 1
107 499 43.973695 1
107 244 35.180756 1
107 374 423.442886 1
107 214 316.453018 1
107 152 21.974215 1
107 313 475.233921 1
107 189 39.527530 1
107 254 18.575478 1
107 128 44.550477 1
108 395 40.416781 1
108 173 16.549175 1
108 270 9.710941 1
108 375 39.552498 1
108 216 134.978021 1
108 281 158.244727 1
109 122 9.803928 1
109 386 32.598351 1
109 231 96.979463 1
109 396 338.170572 1
109 236 31.145331 1
109 271 12.422398 1
109 466 28.020877 1
109 372 35.876580 1
109 373 37.847729 1
109 249 40.572726 1
109 218 165.509906 1
109 155 31.069837 1
109 287 12.094827 1
110 193 11.882239 1
110 418 13.157802 1
110 451 41.390179 1
110 482 38.950285 1
110 487 20.604394 1
110 318 43.648503 1
110 170 22.590364 1
110 139 29.416822 1
110 329 44.077591 1
110 398 43.159617 1
110 435 29.677478 1
110 467 21.370569 1
110 220 84.147943 1
110 158 34.601077 1
111 257 41.600313 1
111 291 33.665964 1
111 460 32.377979 1
111 142 35.884948 1
111 496 26.997885 1
111 276 32.608742 1
111 116 13.740151 1
111 443 34.888198 1
111 222 255.709219 1
111 447 25.227815 1
111 224 21.213333 1
112 224 380.659153 1
112 232 24.913119 1
112 406 21.988274 1
112 343 19.700785 1
112 280 38.469423 1
112 473 13.198983 1
112 442 38.913838 1
112 192 33.227731 1
113 226 165.182616 1
113 194 39.046663 1
113 323 16.563031 1
113 261 249.736457 1
113 136 19.600485 1
113 264 32.333901 1
113 179 39.650681 1
113 148 6.072914 1
113 342 34.912968 1
113 279 13.756796 1
113 124 32.361364 1
113 351 41.901610 1
114 321 21.613766 1
114 228 99.728850 1
114 165 21.646523 1
114 263 43.627395 1
114 393 16.826494 1
114 235 35.177007 1
114 331 43.788780 1
114 238 40.517133 1
114 366 41.379880 1
114 209 33.279449 1
114 180 26.716791 1
114 120 40.628157 1
114 220 36.911437 1
115 163 301.016472 1
115 421 40.379877 1
115 230 288.765005 1
115 358 30.359773 1
115 429 43.941318 1
115 411 29.753817 1
115 273 44.387021 1
115 242 27.786614 1
115 181 34.898743 1
115 246 38.608058 1
115 311 21.366708 1
115 471 40.487809 1
115 283 32.171904 1
115 477 32.995298 1
115 286 43.075700 1
116 257 30.126143 1
116 291 38.405492 1
116 447 15.747923 1
116 232 383.791609 1
116 489 40.674110 1
116 460 19.454830 1
116 142 22.165827 1
116 496 35.522106 1
116 276 41.475236 1
116 443 21.791855 1
116 253 36.349712 1
116 127 39.085938 1
116 224 25.628626 1
117 293 9.874513 1
117 234 203.205861 1
117 202 44.048172 1
117 397 36.497934 1
117 493 37.318534 1
117 367 20.979794 1
117 494 36.852884 1
117 338 38.097443 1
117 339 133.558454 1
117 245 36.604721 1
117 410 225.716816 1
117 285 41.075408 1
117 222 9.484746 1
117 448 18.116975 1
118 483 41.371847 1
118 392 14.656760 1
118 137 23.197517 1
118 236 202.763444 1
118 430 39.620182 1
118 177 19.247342 1
118 305 25.647283 1
118 439 37.809975 1
118 216 17.375385 1
118 185 20.960967 1
118 250 33.912977 1
118 125 39.521555 1
119 417 39.144413 1
119 422 24.324976 1
119 454 5.759656 1
119 457 9.549873 1
119 203 44.305099 1
119 459 20.628239 1
119 301 35.913372 1
119 238 142.260909 1
119 241 19.754445 1
119 412 20.592934 1
119 413 5.314825 1
120 321 44.266132 1
120 131 37.455477 1
120 263 36.944146 1
120 393 44.095903 1
120 235 10.268028 1
120 396 12.332425 1
120 366 41.984386 1
120 240 193.916120 1
120 340 307.043650 1
120 214 32.930416 1
120 184 36.896111 1
120 220 8.371461 1
120 318 33.555857 1
120 479 30.250387 1
121 289 21.016485 1
121 324 42.660345 1
121 486 238.972162 1
121 457 82.658889 1
121 426 35.081751 1
121 395 38.936951 1
121 204 25.675360 1
121 365 7.715122 1
121 239 35.650994 1
121 336 6.661709 1
121 242 310.962483 1
121 498 25.864511 1
121 405 24.549038 1
121 437 29.809639 1
121 469 13.395022 1
121 312 31.000645 1
121 314 36.763473 1
122 386 26.102863 1
122 236 40.819967 1
122 271 19.191762 1
122 466 29.137438 1
122 244 323.185783 1
122 372 35.949891 1
122 408 41.777549 1
122 155 35.474346 1
122 317 41.946616 1
122 287 14.883179 1
123 226 32.747594 1
123 419 22.096277 1
123 364 34.098752 1
123 463 430.077393 1
123 144 24.319224 1
123 340 15.561442 1
123 149 26.069543 1
123 182 44.352586 1
123 246 301.917127 1
123 251 39.073342 1
123 284 42.661177 1
123 223 42.962644 1
124 194 30.948857 1
124 472 41.448710 1
124 229 17.437576 1
124 264 16.107072 1
124 274 18.574364 1
124 179 17.877454 1
124 148 38.107691 1
124 248 332.950645 1
124 475 33.971166 1
124 351 44.507792 1
125 194 41.399193 1
125 131 401.547957 1
125 196 31.354086 1
125 199 18.391398 1
125 392 25.367671 1
125 137 17.965119 1
125 399 34.690438 1
125 403 39.621214 1
125 213 40.370290 1
125 185 25.423494 1
125 250 20.989406 1
125 348 23.706594 1
125 351 33.440763 1
126 482 25.603258 1
126 298 241.871988 1
126 172 4.258529 1
126 252 257.768219 1
126 434 24.868769 1
126 283 32.094102 1
126 188 25.203511 1
126 477 31.510001 1
126 158 29.805943 1
127 257 10.213595 1
127 384 130.321651 1
127 489 4.669796 1
127 460 22.346077 1
127 142 27.854873 1
127 400 32.088676 1
127 349 32.720300 1
127 443 37.915464 1
127 380 450.317094 1
127 253 3.889039 1
127 254 338.643822 1
127 447 24.145136 1
127 224 41.222688 1
128 134 34.809752 1
128 237 37.331682 1
128 206 37.632603 1
128 461 142.755690 1
128 333 24.475431 1
128 254 26.059614 1
128 256 207.150079 1
129 258 377.596759 1
129 355 171.124614 1
129 226 17.842197 1
129 322 33.597349 1
129 364 26.905703 1
129 340 37.411412 1
129 149 24.985057 1
129 439 37.051169 1
129 284 25.044665 1
129 223 31.099245 1
130 131 17.226383 1
130 260 161.396031 1
130 420 35.053664 1
130 390 38.568057 1
130 327 30.360472 1
130 263 20.905471 1
130 360 35.969086 1
130 205 37.804145 1
130 366 22.717579 1
130 433 44.008452 1
130 407 8.867975 1
130 345 9.202825 1
130 475 432.112565 1
130 479 24.159659 1
131 321 34.909076 1
131 420 38.350629 1
131 262 242.483292 1
131 263 6.868353 1
131 327 39.136689 1
131 360 35.908882 1
131 394 353.828942 1
131 393 38.971503 1
131 396 36.970435 1
131 366 13.675988 1
131 497 183.438526 1
131 209 40.005333 1
131 214 39.280405 1
131 407 17.675640 1
131 345 14.230361 1
131 220 29.765479 1
131 479 7.285985 1
132 455 10.684246 1
132 264 463.518920 1
132 303 12.590435 1
132 247 35.148962 1
132 442 39.050826 1
132 219 20.444352 1
132 350 31.719395 1
132 351 429.007573 1
133 289 33.573949 1
133 385 20.342026 1
133 355 8.068622 1
133 422 31.045283 1
133 488 155.950029 1
133 169 40.756638 1
133 266 242.195523 1
133 202 34.358518 1
133 204 28.954189 1
133 332 26.652163 1
133 426 38.692396 1
133 493 35.536026 1
133 285 31.132121 1
134 178 416.012578 1
134 475 18.810791 1
134 268 248.720099 1
134 432 17.838035 1
134 264 36.716481 1
135 293 42.147290 1
135 330 39.690467 1
135 331 27.597605 1
135 238 34.781732 1
135 270 176.164298 1
135 494 27.346822 1
135 402 42.445925 1
135 245 13.361204 1
135 448 31.210273 1
136 194 43.407697 1
136 323 11.887764 1
136 351 38.716174 1
136 272 421.471716 1
136 148 14.051736 1
136 342 18.211972 1
136 279 19.078853 1
136 415 578.264783 1
137 322 84.953635 1
137 199 35.656546 1
137 392 11.954233 1
137 177 41.491724 1
137 274 66.092395 1
137 216 37.432685 1
137 185 8.306833 1
137 250 24.520281 1
137 348 32.469899 1
138 408 26.805715 1
138 386 42.945331 1
138 387 25.245138 1
138 295 21.363532 1
138 456 11.153745 1
138 269 34.179182 1
138 276 517.704484 1
138 372 40.898524 1
138 150 41.828795 1
138 151 13.872254 1
138 374 33.751784 1
138 404 28.488493 1
138 346 38.828925 1
139 193 38.234938 1
139 418 28.172958 1
139 228 30.519645 1
139 487 26.154697 1
139 170 14.464237 1
139 145 33.079669 1
139 435 38.401617 1
139 467 38.617158 1
139 309 399.167154 1
139 278 122.874822 1
139 438 33.809205 1
139 184 44.471709 1
139 318 26.837267 1
139 416 37.244373 1
140 171 12.639201 1
140 363 25.223552 1
140 173 41.616735 1
140 308 21.047850 1
140 311 208.003465 1
140 280 218.089802 1
141 451 26.185765 1
141 260 8.849045 1
141 485 30.701951 1
141 297 8.384863 1
141 329 30.785946 1
141 268 29.511701 1
141 398 31.424192 1
141 467 43.100627 1
141 438 103.507781 1
141 282 225.242724 1
142 257 17.830419 1
142 489 26.865684 1
142 460 8.319817 1
142 443 10.071626 1
142 284 405.654910 1
142 253 27.237283 1
142 447 19.350739 1
142 224 41.456435 1
143 326 39.923111 1
143 445 11.197903 1
143 277 14.390224 1
143 286 76.605130 1
143 484 40.252202 1
144 419 34.665224 1
144 231 26.153681 1
144 364 35.460233 1
144 340 38.377450 1
144 149 34.211771 1
144 182 20.200417 1
144 375 42.025474 1
144 377 22.549351 1
144 284 43.099938 1
144 191 31.207567 1
144 223 40.001228 1
144 288 270.912753 1
145 290 470.774726 1
145 418 36.642167 1
145 228 18.973558 1
145 296 42.180061 1
145 272 41.904335 1
145 337 32.656094 1
145 373 337.051410 1
145 438 2.351136 1
145 248 43.934399 1
145 156 21.179784 1
145 255 36.902311 1
145 416 4.574300 1
146 292 292.585490 1
146 388 27.041708 1
146 390 39.810408 1
146 234 37.486687 1
146 272 30.471533 1
146 255 33.755678 1
146 384 11.635819 1
147 294 356.523574 1
147 207 37.095148 1
147 306 128.601021 1
147 436 38.540091 1
147 470 43.309520 1
147 157 26.297927 1
147 159 4.438603 1
148 194 41.437783 1
148 323 10.907084 1
148 261 255.112516 1
148 264 38.353373 1
148 296 340.871132 1
148 179 44.025029 1
148 342 30.653676 1
148 471 288.662680 1
148 279 10.599275 1
148 351 42.034334 1
149 226 18.808775 1
149 489 415.759529 1
149 298 387.187386 1
149 364 10.448920 1
149 340 23.304166 1
149 375 36.036001 1
149 284 17.765816 1
149 223 20.205195 1
150 290 19.999105 1
150 295 26.164313 1
150 456 30.979414 1
150 265 34.089152 1
150 300 667.552840 1
150 404 41.918355 1
150 151 38.028214 1
150 346 42.018258 1
151 290 35.663505 1
151 387 39.085626 1
151 295 12.330985 1
151 456 15.591277 1
151 269 21.141753 1
151 302 77.620260 1
151 404 39.531801 1
151 374 30.258604 1
151 408 37.976348 1
151 446 332.995121 1
152 200 5.279468 1
152 267 14.332407 1
152 491 16.885816 1
152 333 41.638894 1
152 174 44.144026 1
152 175 42.603674 1
152 304 95.103239 1
152 206 34.059225 1
152 370 21.324137 1
152 499 32.157947 1
152 244 33.434565 1
152 468 43.252392 1
152 189 37.474725 1
152 254 38.926028 1
152 352 426.811489 1
153 259 17.269494 1
153 429 39.203122 1
153 379 39.141095 1
153 273 36.710751 1
153 306 420.748568 1
153 369 17.412489 1
153 344 38.948175 1
153 347 32.491756 1
153 381 29.666254 1
154 481 28.387744 1
154 458 39.895412 1
154 176 43.902928 1
154 308 348.220912 1
154 313 21.236426 1
154 444 19.264309 1
155 386 35.250674 1
155 387 30.885906 1
155 168 385.322950 1
155 236 31.323145 1
155 271 40.472884 1
155 466 11.779889 1
155 372 15.925244 1
155 404 43.291072 1
155 310 404.836672 1
155 408 39.626894 1
155 287 20.605691 1
156 228 34.845568 1
156 357 34.798927 1
156 296 35.757209 1
156 337 29.482496 1
156 246 41.513002 1
156 438 20.881619 1
156 248 23.742211 1
156 411 59.587889 1
156 312 278.537302 1
156 255 38.157217 1
156 416 16.964796 1
157 470 22.255002 1
157 314 119.584742 1
157 391 19.472083 1
157 207 20.989882 1
157 159 23.449577 1
158 193 22.785540 1
158 418 31.164904 1
158 451 32.809701 1
158 482 4.769612 1
158 296 41.543117 1
158 172 32.699014 1
158 337 40.571015 1
158 316 276.509771 1
158 188 22.221793 1
158 477 40.274474 1
159 391 42.690080 1
159 207 32.780970 1
159 306 124.461719 1
159 436 37.875852 1
159 470 39.220270 1
159 318 352.077099 1
160 292 36.535868 1
160 486 40.405262 1
160 266 36.612970 1
160 494 161.991112 1
160 334 6.219434 1
160 497 16.887320 1
160 210 25.354742 1
160 307 35.295772 1
160 183 22.719675 1
160 440 43.848423 1
160 476 14.614490 1
160 446 24.902596 1
160 190 25.088876 1
160 320 392.188161 1
161 321 38.304229 1
161 322 306.275173 1
161 420 39.972387 1
161 165 25.946044 1
161 168 38.862681 1
161 328 43.496709 1
161 360 36.489736 1
161 331 40.748001 1
161 393 38.004933 1
161 238 33.669677 1
161 209 28.313840 1
161 402 26.823632 1
161 341 43.026377 1
162 195 26.422246 1
162 324 236.148702 1
162 197 3.748009 1
162 359 252.550600 1
162 335 42.957095 1
162 304 39.255965 1
162 431 31.174086 1
162 500 32.653751 1
163 225 32.500893 1
163 326 362.477811 1
163 424 26.837972 1
163 330 35.282458 1
163 339 39.990248 1
163 215 31.145166 1
163 217 27.552177 1
163 315 29.748155 1
164 481 179.971712 1
164 167 32.484185 1
164 328 309.961453 1
164 302 26.019141 1
164 178 9.486012 1
164 211 8.926460 1
164 342 371.266573 1
164 441 40.563146 1
164 378 25.165667 1
164 187 35.547131 1
164 317 32.361273 1
165 321 19.212768 1
165 420 42.040039 1
165 360 35.379455 1
165 393 15.998721 1
165 330 96.463572 1
165 331 34.948053 1
165 238 28.893126 1
165 366 41.796314 1
165 209 20.414527 1
165 402 31.206870 1
165 180 42.606513 1
166 484 42.314607 1
166 421 44.151725 1
166 332 270.802731 1
166 461 38.355175 1
166 434 27.569772 1
166 471 36.224014 1
166 186 24.712815 1
166 283 33.665229 1
166 286 33.469027 1
166 319 30.716115 1
167 386 41.070653 1
167 302 8.961664 1
167 334 295.865186 1
167 178 26.875484 1
167 211 24.244768 1
167 378 24.598933 1
167 187 44.223309 1
167 317 16.638627 1
168 353 44.329931 1
168 258 36.084737 1
168 420 35.683723 1
168 230 38.544331 1
168 327 38.290862 1
168 328 6.917517 1
168 360 39.526540 1
168 425 17.820097 1
168 427 29.176789 1
168 496 230.449597 1
168 336 261.896190 1
168 341 14.405160 1
169 385 28.809960 1
169 452 24.435857 1
169 231 163.417931 1
169 361 37.833021 1
169 202 34.290463 1
169 332 22.891041 1
169 493 43.827154 1
169 208 21.322231 1
169 338 108.526378 1
169 406 35.943313 1
169 215 41.224339 1
169 285 42.862068 1
170 193 33.965566 1
170 418 28.085694 1
170 487 11.835292 1
170 435 23.943345 1
170 340 272.404630 1
170 467 24.950184 1
170 184 35.604730 1
170 318 21.552513 1
171 203 43.359551 1
171 308 33.605920 1
171 342 213.220137 1
171 363 37.717741 1
172 482 28.750772 1
172 298 243.204013 1
172 434 22.735922 1
172 344 107.653734 1
172 283 28.080971 1
172 188 25.053256 1
172 477 28.822104 1
173 363 35.075248 1
173 269 264.700092 1
173 270 14.771450 1
173 308 41.858616 1
173 375 35.116283 1
173 346 235.152051 1
173 443 368.445376 1
173 223 43.592728 1
174 294 43.193512 1
174 491 39.439205 1
174 461 41.161636 1
174 464 31.776299 1
174 370 26.656422 1
174 371 6.571551 1
174 468 22.778747 1
174 348 228.146028 1
175 200 37.333701 1
175 267 35.112102 1
175 299 30.025537 1
175 333 44.075457 1
175 206 16.681723 1
175 189 35.810117 1
175 244 33.033062 1
175 245 320.778966 1
175 254 28.689366 1
175 381 252.466807 1
175 350 443.275247 1
176 481 25.162423 1
176 288 25.051574 1
176 198 20.497824 1
176 352 142.091822 1
176 488 13.572128 1
176 233 26.624544 1
176 458 39.022436 1
176 462 28.649804 1
176 444 37.351101 1
176 247 40.241754 1
176 313 27.788454 1
176 442 43.775551 1
176 316 27.942296 1
176 350 41.842509 1
176 192 40.634706 1
177 354 149.966198 1
177 483 22.761265 1
177 392 30.707869 1
177 393 331.562844 1
177 430 23.202549 1
177 305 10.162653 1
177 216 7.057372 1
177 185 40.189209 1
177 250 44.171756 1
178 356 268.916429 1
178 389 391.636861 1
178 302 18.966855 1
178 211 4.377990 1
178 441 38.387344 1
178 378 27.681709 1
178 187 42.015072 1
178 317 31.510250 1
179 194 16.349519 1
179 229 12.791240 1
179 358 304.746913 1
179 264 33.960776 1
179 274 9.487373 1
179 373 254.750451 1
179 472 30.528142 1
179 250 38.112319 1
179 351 31.941103 1
180 293 41.280912 1
180 360 73.158214 1
180 393 43.395204 1
180 235 42.679091 1
180 331 43.274272 1
180 238 44.416184 1
180 245 36.816755 1
180 184 41.618246 1
181 454 242.235913 1
181 423 146.039802 1
181 358 7.949798 1
181 362 140.887387 1
181 429 9.079887 1
181 379 10.488312 1
181 411 26.575340 1
181 273 10.849142 1
181 242 7.142330 1
181 311 26.250751 1
181 344 26.633090 1
181 282 263.998645 1
181 347 21.326461 1
181 381 20.628140 1
182 231 6.928815 1
182 364 44.712009 1
182 375 38.279419 1
182 377 14.789435 1
182 413 128.888372 1
182 191 18.319732 1
183 292 14.402125 1
183 266 23.312476 1
183 366 195.524924 1
183 334 19.818687 1
183 497 25.251854 1
183 210 43.298320 1
183 307 27.686393 1
183 246 351.310201 1
183 440 25.893530 1
183 476 37.327182 1
184 487 34.078545 1
184 235 28.622906 1
184 396 44.379231 1
184 368 132.900428 1
184 435 30.956558 1
184 467 41.609224 1
184 220 43.726207 1
184 318 18.416682 1
185 322 79.940575 1
185 356 39.877357 1
185 199 43.552742 1
185 392 15.365020 1
185 370 188.478339 1
185 439 39.557007 1
185 216 37.437140 1
185 250 32.228120 1
185 348 35.261351 1
186 484 20.975073 1
186 421 33.874276 1
186 326 33.318508 1
186 461 38.356301 1
186 372 409.181785 1
186 471 28.452718 1
186 286 25.183115 1
186 319 39.882299 1
186 256 37.565013 1
187 324 38.006790 1
187 325 30.858565 1
187 211 38.171470 1
187 374 93.077326 1
187 281 36.300369 1
187 378 19.678391 1
187 317 29.492634 1
188 193 39.288969 1
188 418 41.831031 1
188 482 22.039750 1
188 296 23.995901 1
188 337 27.869616 1
188 246 27.394096 1
188 376 416.067538 1
188 283 44.540699 1
188 477 18.231416 1
189 195 29.255160 1
189 200 34.276984 1
189 267 42.919864 1
189 299 27.462639 1
189 491 26.229563 1
189 206 43.301363 1
189 433 372.646033 1
189 244 4.427212 1
189 500 42.856073 1
189 378 335.029801 1
190 486 18.360854 1
190 334 27.270710 1
190 497 28.052431 1
190 210 29.857329 1
190 476 12.185505 1
190 380 67.599621 1
190 446 20.997531 1
191 377 9.106268 1
191 422 127.253605 1
191 231 13.389182 1
191 249 44.699696 1
191 410 32.003012 1
191 382 296.843433 1
192 198 39.107013 1
192 232 9.734598 1
192 233 37.975305 1
192 384 294.893159 1
192 473 37.486626 1
192 406 39.623562 1
192 343 26.048914 1
192 217 38.389514 1
192 442 38.193113 1
192 316 21.928257 1
192 288 41.666547 1
193 386 342.629540 1
193 418 12.395076 1
193 451 35.940837 1
193 482 27.233138 1
193 487 32.356245 1
193 201 334.074488 1
193 337 43.205775 1
193 435 40.273638 1
193 467 30.580844 1
194 388 390.962906 1
194 229 28.850047 1
194 196 43.189514 1
194 199 29.782926 1
194 232 394.458104 1
194 274 25.103721 1
194 342 41.156093 1
194 472 40.325896 1
194 250 28.623605 1
194 351 15.730609 1
195 197 22.677441 1
195 390 300.797313 1
195 299 43.477440 1
195 335 37.547457 1
195 464 42.979080 1
195 244 33.371717 1
195 500 40.276577 1
195 320 38.113666 1
196 199 18.308343 1
196 392 56.127939 1
196 395 241.706761 1
196 399 26.010856 1
196 403 8.325411 1
196 213 9.077080 1
196 342 31.600848 1
196 409 582.620264 1
196 250 43.564560 1
196 348 32.124267 1
196 351 27.603911 1
197 359 251.085319 1
197 394 234.632705 1
197 335 41.085133 1
197 431 32.369066 1
197 304 40.764631 1
197 500 32.703205 1
198 481 21.353025 1
198 313 40.883990 1
198 488 34.052365 1
198 233 43.737963 1
198 458 25.111255 1
198 396 223.836774 1
198 217 30.512118 1
198 315 37.316301 1
198 316 18.069409 1
198 288 43.527911 1
199 392 40.087954 1
199 398 294.464696 1
199 399 35.505914 1
199 403 26.144084 1
199 213 26.862045 1
199 342 38.781895 1
199 250 25.361479 1
199 348 32.669077 1
199 351 17.146048 1
200 267 11.930254 1
200 491 17.437446 1
200 333 39.811293 1
200 206 29.354617 1
200 400 313.282766 1
200 370 26.593341 1
200 467 226.859712 1
200 244 30.045904 1
200 499 36.161381 1
200 254 35.327055 1
200 352 427.525822 1
201 262 22.855093 1
201 492 19.077857 1
201 402 179.359144 1
201 212 37.854807 1
201 409 10.234630 1
201 383 18.639338 1
202 385 15.093972 1
202 355 31.913569 1
202 487 135.368528 1
202 332 41.703912 1
202 493 9.938522 1
202 494 34.490821 1
202 208 42.229199 1
202 404 257.019831 1
202 285 10.881743 1
202 448 38.807699 1
203 417 38.484588 1
203 485 41.690215 1
203 454 38.575122 1
203 457 38.224216 1
203 459 41.978838 1
203 268 41.654483 1
203 301 28.507389 1
203 270 40.445428 1
203 241 42.997988 1
203 406 170.297029 1
203 412 39.273127 1
204 289 12.886141 1
204 408 165.591946 1
204 355 34.141281 1
204 422 42.957189 1
204 426 19.382376 1
204 332 37.533586 1
204 365 31.551304 1
204 336 32.232974 1
204 437 37.373510 1
204 278 321.837290 1
204 469 38.299445 1
204 312 24.811528 1
205 410 395.417757 1
205 389 44.156675 1
205 390 12.263735 1
205 407 32.289213 1
206 267 22.465539 1
206 491 43.318142 1
206 333 27.682393 1
206 244 39.389514 1
206 313 477.209804 1
206 412 238.306227 1
206 254 13.092134 1
207 470 8.815358 1
207 394 38.476358 1
207 410 28.911123 1
207 414 450.680943 1
207 391 30.334393 1
208 385 43.966651 1
208 452 3.294432 1
208 330 29.374197 1
208 332 44.120317 1
208 406 33.199779 1
208 215 20.044886 1
208 416 224.770393 1
209 321 13.928329 1
209 418 135.636831 1
209 420 21.913924 1
209 263 33.412532 1
209 327 33.820900 1
209 360 15.033895 1
209 393 17.033745 1
209 425 41.401185 1
209 366 26.390454 1
209 341 40.959723 1
209 345 36.619022 1
209 479 42.243126 1
210 420 165.118497 1
210 458 41.094077 1
210 334 31.565345 1
210 497 41.196587 1
210 307 38.458010 1
210 476 20.480262 1
210 380 39.809521 1
210 446 9.991184 1
211 389 390.949840 1
211 422 165.333719 1
211 302 17.197163 1
211 441 42.642845 1
211 378 23.318621 1
211 317 27.362999 1
212 453 34.367344 1
212 424 136.487351 1
212 463 43.946801 1
212 310 22.182339 1
212 409 27.685209 1
212 415 35.488549 1
213 426 307.452191 1
213 399 28.817013 1
213 403 0.751798 1
213 342 27.826964 1
213 409 591.523437 1
213 348 38.449955 1
213 351 32.947387 1
214 228 41.431575 1
214 388 23.786052 1
214 390 44.688393 1
214 263 44.110236 1
214 235 42.818954 1
214 428 208.826611 1
214 396 20.941473 1
214 272 33.527528 1
214 407 41.992558 1
214 220 33.706717 1
214 479 34.321824 1
215 330 16.203320 1
215 452 17.270406 1
215 430 310.975288 1
215 406 44.340498 1
215 494 42.983183 1
216 483 24.499781 1
216 392 25.947434 1
216 393 338.064365 1
216 474 41.136433 1
216 430 22.259281 1
216 432 130.054397 1
216 305 8.279737 1
216 472 40.692899 1
216 250 37.510775 1
217 424 25.789874 1
217 232 44.604979 1
217 458 42.082455 1
217 434 309.119077 1
217 339 32.836687 1
217 315 15.468054 1
217 316 24.122982 1
218 419 44.124682 1
218 356 28.473861 1
218 490 12.444993 1
218 275 24.765747 1
218 340 39.904796 1
218 436 45.695103 1
218 439 44.618709 1
218 251 26.835692 1
218 478 28.239571 1
219 455 21.664470 1
219 233 33.247265 1
219 462 42.693527 1
219 303 32.994731 1
219 438 324.506126 1
219 247 33.069674 1
219 343 35.787324 1
219 473 37.977095 1
219 442 20.127824 1
219 284 265.662772 1
219 350 28.795077 1
219 288 35.124004 1
220 321 37.176800 1
220 263 28.737864 1
220 455 276.610200 1
220 393 37.624769 1
220 235 15.287171 1
220 396 15.935157 1
220 366 33.618514 1
220 340 313.259682 1
220 440 245.862239 1
220 345 43.133883 1
220 318 41.842911 1
220 479 22.738809 1
221 441 22.649729 1
221 442 81.035368 1
221 450 41.776220 1
222 293 16.320441 1
222 397 28.234547 1
222 493 39.180128 1
222 367 11.541204 1
222 338 29.733457 1
222 339 142.941495 1
222 444 212.733722 1
222 285 42.230731 1
222 448 27.417831 1
223 226 35.605567 1
223 364 9.779673 1
223 340 43.409245 1
223 375 17.822227 1
223 284 6.081943 1
223 446 336.630042 1
224 257 37.520045 1
224 359 37.077046 1
224 460 34.341988 1
224 496 12.173657 1
224 465 39.141697 1
224 276 17.658141 1
224 278 32.321392 1
224 253 37.358140 1
224 447 22.836729 1
224 448 264.217451 1
225 449 34.854011 1
225 450 168.898361 1
225 424 25.544448 1
225 243 35.101027 1
225 339 32.477139 1
225 315 38.152722 1
226 284 30.817822 1
226 364 27.163444 1
226 340 20.191558 1
226 452 243.173900 1
226 439 30.348152 1
227 356 33.088705 1
227 490 41.019586 1
227 348 42.913137 1
227 454 242.991346 1
228 388 37.398050 1
228 456 435.109193 1
228 272 26.521107 1
228 438 17.261213 1
228 255 26.543975 1
228 416 22.696237 1
229 408 339.555914 1
229 264 31.704972 1
229 458 457.845243 1
229 274 4.036285 1
229 472 24.013362 1
229 474 36.270949 1
229 351 44.561490 1
230 258 31.372659 1
230 328 35.879843 1
230 425 42.622897 1
230 427 20.203873 1
230 460 271.936150 1
230 341 42.088447 1
230 282 38.593016 1
230 252 40.523305 1
230 414 20.777673 1
231 377 13.534386 1
231 410 44.159514 1
231 413 127.967347 1
231 462 259.186629 1
231 375 43.016604 1
232 233 43.692949 1
232 464 350.746023 1
232 406 29.986407 1
232 343 23.301602 1
232 473 31.664561 1
232 442 39.783125 1
232 316 31.240172 1
233 455 39.807110 1
233 488 18.496267 1
233 462 20.619763 1
233 466 222.953380 1
233 343 32.404356 1
233 247 23.435738 1
233 313 44.363162 1
233 442 18.410625 1
233 316 40.456134 1
233 350 22.330822 1
233 288 4.617644 1
234 468 253.189615 1
234 255 39.951398 1
234 384 33.935499 1
235 321 43.788136 1
235 263 42.983333 1
235 393 42.428879 1
235 396 21.904687 1
235 470 334.263551 1
235 318 29.976461 1
235 479 37.921232 1
236 391 37.940835 1
236 394 23.151757 1
236 271 29.694483 1
236 466 39.156255 1
236 373 27.692998 1
236 470 43.203469 1
236 472 254.763858 1
236 249 31.473078 1
236 287 32.287833 1
237 474 119.340237 1
237 267 41.308702 1
237 499 37.655388 1
237 333 21.675183 1
237 254 37.365507 1
238 393 44.000041 1
238 402 10.926771 1
238 331 7.203378 1
238 476 123.098790 1
238 245 38.332776 1
239 324 36.724927 1
239 365 34.865671 1
239 336 31.169849 1
239 306 28.577624 1
239 498 38.141908 1
239 405 24.236906 1
239 437 34.760260 1
239 469 22.475080 1
239 314 5.966598 1
239 478 158.709928 1
240 261 39.495327 1
240 423 37.028175 1
240 362 30.118338 1
240 480 20.741648 1
240 428 32.567270 1
240 335 19.199121 1
240 431 31.578792 1
240 320 24.017136 1
241 482 156.357227 1
241 454 18.371876 1
241 422 27.886955 1
241 457 25.748382 1
241 395 27.898121 1
241 459 38.321180 1
241 412 37.368576 1
241 413 25.045822 1
242 484 99.696107 1
242 358 5.814857 1
242 429 16.154705 1
242 379 17.630063 1
242 411 23.898509 1
242 273 17.065202 1
242 311 20.627162 1
242 343 377.152284 1
242 347 24.951003 1
242 381 27.704216 1
242 344 33.331068 1
243 353 23.188413 1
243 449 11.004294 1
243 486 41.726989 1
243 352 35.696599 1
244 433 375.876544 1
244 267 38.502856 1
244 491 23.365364 1
244 299 28.790173 1
244 488 417.583996 1
245 490 309.967735 1
245 331 31.890080 1
245 293 30.251017 1
245 494 29.444471 1
245 448 24.197297 1
246 296 10.569151 1
246 492 389.230019 1
246 337 20.186507 1
246 248 32.229013 1
246 411 35.004303 1
246 477 17.930794 1
247 455 24.959644 1
247 488 26.798910 1
247 494 158.538034 1
247 303 40.674686 1
247 462 12.945565 1
247 313 42.725834 1
247 442 32.404093 1
247 350 4.274625 1
247 288 20.209867 1
248 357 17.846059 1
248 359 39.953626 1
248 296 33.103287 1
248 496 65.364000 1
248 337 33.613888 1
248 438 44.091438 1
248 411 37.276568 1
248 416 39.404560 1
249 394 19.009068 1
249 271 29.398704 1
249 498 86.455577 1
249 306 36.805298 1
249 373 3.810791 1
249 410 36.825325 1
250 392 20.766774 1
250 305 42.085807 1
250 274 42.005022 1
250 500 90.244603 1
250 472 40.615202 1
250 348 44.694541 1
250 351 29.568556 1
251 419 23.569005 1
251 293 271.096747 1
251 490 39.143562 1
251 275 10.901521 1
251 340 40.401408 1
251 436 25.885731 1
251 478 23.686930 1
252 389 43.219204 1
252 298 16.204227 1
252 427 31.395215 1
252 495 15.053162 1
252 368 27.317788 1
252 401 38.168211 1
252 433 29.610296 1
252 282 12.899093 1
252 414 43.416613 1
253 257 9.475582 1
253 489 8.268078 1
253 460 20.839928 1
253 400 35.874749 1
253 443 37.170524 1
253 380 446.592619 1
253 349 36.593478 1
253 447 21.030667 1
254 267 24.867921 1
254 333 15.728905 1
255 416 37.750923 1
255 388 26.698478 1
255 384 42.372104 1
255 438 34.553862 1
255 272 12.084614 1
256 421 8.246860 1
256 471 15.828150 1
256 326 35.654079 1
256 286 17.867427 1
256 311 30.840115 1
257 489 10.610310 1
257 460 12.220304 1
257 400 38.966622 1
257 443 27.836783 1
257 349 36.934298 1
257 447 16.707368 1
257 384 123.545680 1
258 353 37.457210 1
258 427 42.513474 1
258 463 44.435533 1
258 352 32.716836 1
258 328 39.213791 1
259 429 44.285166 1
259 273 40.240217 1
259 369 34.243855 1
259 347 30.607670 1
259 412 270.321940 1
259 381 38.290673 1
260 417 40.844617 1
260 451 33.007412 1
260 485 28.308125 1
260 297 15.075696 1
260 329 23.786795 1
260 268 30.969377 1
260 398 24.593026 1
260 467 40.169912 1
261 451 42.789320 1
261 480 42.936066 1
262 409 32.702413 1
262 292 43.911280 1
262 383 4.685528 1
262 492 5.201209 1
263 321 28.074977 1
263 420 34.062501 1
263 327 36.814229 1
263 360 30.690005 1
263 393 32.230157 1
263 394 348.912976 1
263 396 38.704651 1
263 366 7.539078 1
263 407 23.503739 1
263 345 14.791157 1
263 479 9.849430 1
264 274 33.810314 1
264 475 18.949898 1
264 279 41.717029 1
264 432 41.590339 1
265 290 31.017828 1
265 415 499.966515 1
266 292 18.797954 1
266 299 485.589067 1
266 334 37.444055 1
266 307 8.712709 1
266 440 10.272581 1
266 380 31.644151 1
267 491 29.365254 1
267 333 27.881673 1
267 370 32.567461 1
267 499 33.641096 1
267 467 238.787499 1
267 374 430.613920 1
268 297 22.731595 1
268 301 29.597484 1
268 485 13.040913 1
268 417 29.728707 1
269 290 37.595815 1
269 316 249.320585 1
269 374 27.685167 1
269 295 25.660976 1
269 456 36.272993 1
270 378 177.005137 1
271 386 44.508379 1
271 324 75.593009 1
271 394 38.990733 1
271 306 38.197401 1
271 466 39.590878 1
271 373 27.187674 1
271 287 23.986324 1
272 361 266.575711 1
272 416 43.915152 1
272 388 15.128955 1
272 438 39.621261 1
272 384 41.137678 1
273 358 14.241677 1
273 454 252.713330 1
273 429 4.997479 1
273 379 7.081046 1
273 411 36.813874 1
273 311 31.540355 1
273 344 23.310737 1
273 347 13.060191 1
273 381 12.274386 1
274 474 36.822410 1
274 351 40.834182 1
274 472 23.558274 1
275 490 35.744958 1
275 419 34.370974 1
275 436 21.165211 1
275 317 193.339084 1
275 478 12.785723 1
276 357 41.615530 1
276 359 19.528905 1
276 496 5.955001 1
276 465 33.869951 1
276 278 20.705615 1
276 447 40.476301 1
277 420 330.416449 1
277 445 3.241049 1
277 326 28.289819 1
277 484 37.803864 1
278 465 16.343544 1
278 496 25.171211 1
278 357 34.114155 1
278 359 19.101424 1
278 344 41.134467 1
279 354 38.012673 1
279 427 524.513618 1
279 342 37.272852 1
279 323 8.290598 1
280 450 36.559057 1
280 325 34.835580 1
280 473 37.121245 1
280 361 33.955381 1
280 281 28.898873 1
280 319 327.309561 1
281 450 38.338257 1
281 325 7.746184 1
282 389 43.796403 1
282 327 42.643336 1
282 328 42.249714 1
282 425 37.140349 1
282 298 11.600377 1
282 427 23.649109 1
282 495 19.176847 1
282 368 16.496436 1
282 401 39.342566 1
282 433 17.940890 1
282 341 39.785364 1
283 434 19.489120 1
283 477 34.655317 1
283 421 40.393684 1
283 286 34.561425 1
283 471 34.430253 1
284 364 8.660053 1
284 340 40.942500 1
284 375 23.605462 1
285 385 17.060429 1
285 355 26.365097 1
285 422 40.087652 1
285 487 129.577277 1
285 493 4.561503 1
285 494 41.238473 1
285 448 40.562284 1
286 471 3.329250 1
286 484 43.428149 1
286 421 10.712296 1
286 326 39.688948 1
286 311 37.143775 1
287 386 25.194509 1
287 387 38.340271 1
287 396 350.018660 1
287 466 15.935242 1
287 372 23.797305 1
287 408 37.448999 1
288 455 39.062328 1
288 488 15.066054 1
288 462 16.061205 1
288 343 37.014211 1
288 313 40.389726 1
288 442 22.244297 1
288 316 42.167935 1
288 350 19.813962 1
289 355 36.109815 1
289 422 36.720254 1
289 426 31.587696 1
289 363 127.612919 1
289 395 35.929062 1
289 365 24.114319 1
289 336 26.386895 1
289 498 37.922647 1
289 405 42.776132 1
289 437 42.966881 1
289 469 34.367588 1
289 312 34.574120 1
290 295 24.260397 1
290 456 37.223201 1
291 402 240.464869 1
292 497 39.104122 1
292 355 252.503710 1
292 307 26.667066 1
292 334 34.174660 1
292 440 15.306207 1
293 397 37.710498 1
293 494 38.318911 1
293 367 26.158021 1
293 338 39.414135 1
293 410 235.553911 1
293 448 18.911332 1
294 370 33.775151 1
294 499 23.953247 1
295 374 41.991371 1
295 404 38.981663 1
295 318 395.838243 1
295 456 15.269364 1
296 482 43.310807 1
296 337 9.915284 1
296 438 43.941112 1
296 411 44.653516 1
296 477 22.560449 1
296 416 38.656151 1
297 417 43.689138 1
297 451 29.284212 1
297 485 26.904692 1
297 329 38.516750 1
297 398 39.234118 1
297 438 110.663306 1
298 389 32.228634 1
298 327 43.965164 1
298 425 44.053598 1
298 427 34.872609 1
298 495 11.010122 1
298 368 13.416934 1
298 401 27.876076 1
298 433 16.639758 1
298 314 339.283631 1
299 474 41.977290 1
299 500 25.884313 1
299 304 39.489913 1
300 349 27.091722 1
300 400 28.861643 1
301 417 10.039554 1
301 485 20.920239 1
301 454 32.129184 1
301 457 26.424854 1
301 459 20.796575 1
301 412 18.633681 1
301 413 33.637178 1
302 378 25.892940 1
302 469 117.966158 1
302 317 21.738297 1
303 350 38.174479 1
303 455 16.857622 1
304 305 41.648308 1
304 474 39.614684 1
304 483 25.069006 1
304 500 16.167375 1
304 430 30.029443 1
305 482 223.726565 1
305 483 16.641843 1
305 392 33.404317 1
305 430 14.055254 1
305 472 36.709879 1
305 474 34.703595 1
306 314 31.166806 1
306 324 42.978428 1
306 373 38.899617 1
307 380 23.645597 1
307 340 414.942402 1
307 334 37.552371 1
307 440 18.579787 1
308 322 31.555453 1
308 363 8.625914 1
309 346 31.810292 1
309 404 39.593629 1
310 409 44.651023 1
310 497 41.140316 1
310 453 15.112981 1
310 463 40.447231 1
310 415 35.062952 1
311 421 29.547418 1
311 358 18.547231 1
311 429 33.427260 1
311 379 35.581234 1
311 411 38.508901 1
311 471 33.848643 1
311 347 30.679353 1
311 381 43.809050 1
312 324 28.457487 1
312 361 41.487754 1
312 426 11.132509 1
312 332 43.229814 1
312 365 38.690558 1
312 336 36.389046 1
312 437 17.546140 1
312 469 36.833968 1
313 481 26.675617 1
313 458 43.795007 1
313 444 9.711344 1
313 462 30.582179 1
313 488 26.167098 1
314 324 42.584416 1
314 365 34.707509 1
314 336 31.488010 1
314 498 35.081006 1
314 469 23.372140 1
314 405 21.157840 1
314 437 39.853879 1
315 458 38.852524 1
315 339 17.368665 1
315 316 37.311798 1
315 390 218.444990 1
315 424 12.840293 1
316 481 39.152074 1
316 458 41.755745 1
316 343 44.715972 1
316 488 38.866097 1
317 378 11.761377 1
318 467 38.069554 1
318 435 30.387777 1
318 396 35.801150 1
318 487 25.960459 1
319 484 43.475054 1
319 423 25.894012 1
319 362 25.175456 1
319 480 33.262812 1
319 428 21.710386 1
319 461 14.239916 1
319 464 38.949619 1
319 320 41.966045 1
320 423 17.594582 1
320 362 17.980356 1
320 428 22.224929 1
320 431 39.899260 1
320 335 8.218151 1
320 464 37.297803 1
320 480 19.780573 1
321 420 32.473567 1
321 327 42.905107 1
321 360 25.382492 1
321 393 5.139346 1
321 366 23.150339 1
321 345 36.776071 1
321 479 34.782285 1
322 363 31.249947 1
322 325 222.586236 1
323 354 44.626867 1
323 342 29.937196 1
323 471 299.021007 1
324 426 39.358882 1
324 437 13.860923 1
324 469 38.540041 1
324 325 38.550414 1
324 336 44.160207 1
326 445 30.364173 1
326 484 27.722237 1
326 421 39.453911 1
326 471 41.042293 1
327 420 12.273375 1
327 357 176.846090 1
327 360 18.787053 1
327 328 33.757418 1
327 425 21.873165 1
327 427 42.407745 1
327 366 31.266719 1
327 368 30.664409 1
327 433 27.327495 1
327 341 24.514142 1
327 407 39.196500 1
327 345 25.704532 1
328 420 33.201882 1
328 360 38.071112 1
328 425 12.158616 1
328 427 23.561455 1
328 368 43.168865 1
328 496 225.620046 1
328 433 40.244995 1
328 341 9.246132 1
329 451 44.450651 1
329 487 35.215910 1
329 397 37.492963 1
329 398 1.106150 1
329 338 36.349213 1
329 435 23.910196 1
329 467 23.894555 1
330 435 142.317961 1
330 452 27.962101 1
330 494 28.982964 1
331 402 16.152562 1
332 361 27.531196 1
332 426 32.376783 1
332 355 33.938974 1
332 385 28.438506 1
333 499 43.054498 1
333 461 119.935588 1
334 486 40.418911 1
334 494 165.088801 1
334 497 11.403733 1
334 440 43.469184 1
334 476 18.722831 1
334 446 30.601838 1
335 423 25.738747 1
335 362 24.575746 1
335 428 28.643334 1
335 431 31.750209 1
335 464 44.564144 1
335 480 22.847685 1
336 457 84.570931 1
336 426 41.354867 1
336 395 37.498664 1
336 365 4.358954 1
336 498 20.453274 1
336 405 17.888508 1
336 437 32.394110 1
336 469 8.851865 1
337 418 37.286764 1
337 482 43.323114 1
337 391 378.614642 1
337 438 34.532385 1
337 477 31.439872 1
337 416 29.407343 1
338 417 41.491205 1
338 459 43.393933 1
338 397 1.713616 1
338 398 36.965912 1
338 367 19.824310 1
339 458 42.220226 1
339 446 43.676573 1
339 424 13.207253 1
340 419 32.098401 1
340 364 33.632956 1
340 439 40.241776 1
341 420 24.708290 1
341 360 30.252946 1
341 425 3.550748 1
341 427 26.043052 1
341 368 37.364552 1
341 433 34.127119 1
342 403 28.060050 1
342 351 30.280629 1
343 473 14.351715 1
343 442 20.036000 1
343 406 39.291671 1
344 358 34.130416 1
344 429 19.693902 1
344 379 17.347371 1
344 411 39.703883 1
344 369 37.941201 1
344 465 28.379373 1
344 347 34.208626 1
344 381 14.211038 1
345 420 27.656390 1
345 360 27.523442 1
345 393 41.704342 1
345 366 14.310596 1
345 407 16.619327 1
345 475 430.037486 1
345 479 21.428355 1
346 433 462.814804 1
346 387 33.024655 1
346 372 41.357100 1
346 404 11.245685 1
346 456 32.996444 1
347 379 20.006713 1
347 429 18.054883 1
347 381 20.481003 1
347 358 19.718136 1
348 403 37.874831 1
348 356 42.670029 1
348 399 16.127835 1
348 392 43.901808 1
349 489 28.540943 1
349 400 10.970863 1
350 442 29.053789 1
350 462 16.084975 1
350 455 21.899045 1
350 488 28.704971 1
351 403 32.451870 1
352 353 19.832654 1
352 453 41.704810 1
352 486 34.674106 1
352 449 33.272087 1
353 449 27.258357 1
353 394 341.357419 1
354 382 11.599383 1
355 385 20.261380 1
355 493 30.920852 1
355 422 24.649549 1
355 488 161.592958 1
356 490 16.044004 1
356 439 41.277700 1
357 411 42.074464 1
357 359 22.107578 1
358 459 222.422648 1
358 429 15.082854 1
358 381 26.106701 1
358 379 17.123015 1
358 411 29.712875 1
359 465 35.299456 1
359 419 392.094168 1
359 496 25.414692 1
360 420 7.151155 1
360 393 29.911620 1
360 425 29.683864 1
360 366 23.244278 1
360 367 134.231496 1
360 407 44.113785 1
360 479 40.528390 1
361 426 35.194918 1
361 406 37.564829 1
362 480 11.466331 1
362 428 4.259136 1
362 461 34.562058 1
362 423 10.564984 1
362 464 36.828018 1
364 375 26.069694 1
365 486 244.931543 1
365 426 42.637136 1
365 395 33.235974 1
365 498 18.166486 1
365 469 12.935934 1
365 437 36.157821 1
365 405 18.782471 1
366 393 27.855059 1
366 420 27.047805 1
366 479 17.310387 1
366 407 27.661035 1
367 459 42.967667 1
367 397 18.590038 1
367 448 38.956151 1
368 420 42.452552 1
368 389 37.563435 1
368 425 33.959483 1
368 427 32.841005 1
368 495 24.124040 1
368 401 34.507302 1
368 433 3.535704 1
369 381 34.897857 1
370 491 26.940818 1
370 499 23.769907 1
370 371 33.058277 1
370 468 36.025208 1
371 491 43.329579 1
371 468 21.693466 1
371 461 34.671063 1
371 406 350.746509 1
371 464 28.996491 1
372 386 24.122286 1
372 387 15.899012 1
372 429 467.105746 1
372 466 8.169103 1
372 404 33.784077 1
372 408 24.226178 1
373 394 17.040309 1
373 410 37.735888 1
374 408 36.019676 1
374 456 42.882963 1
374 376 40.632406 1
375 466 162.881287 1
376 413 255.545710 1
377 410 31.637627 1
379 465 44.514816 1
379 411 32.886281 1
379 429 2.407113 1
379 381 10.459299 1
379 480 151.785008 1
380 440 39.699301 1
381 465 42.452233 1
381 411 42.580180 1
381 429 11.553625 1
382 432 42.599606 1
383 409 28.695713 1
383 492 1.432436 1
384 388 38.671855 1
384 390 44.695454 1
385 493 20.119972 1
385 422 42.717490 1
386 466 23.557919 1
386 387 27.924964 1
386 408 16.157849 1
387 466 23.807029 1
387 456 30.683817 1
387 404 22.832841 1
387 414 444.226714 1
387 408 17.687850 1
388 396 44.205443 1
388 390 39.939294 1
389 401 5.175315 1
389 433 40.676699 1
389 495 28.183917 1
390 407 30.984720 1
391 394 40.206290 1
391 470 25.143924 1
393 420 37.052855 1
393 479 38.143472 1
394 410 27.656782 1
394 470 30.595461 1
395 498 26.044408 1
395 405 39.742590 1
395 422 42.872505 1
396 479 29.862560 1
397 417 42.904389 1
397 459 44.216804 1
397 398 38.077460 1
398 451 44.450076 1
398 435 22.809730 1
398 476 240.543478 1
398 467 22.865919 1
398 487 34.116441 1
399 403 28.473425 1
400 489 28.916352 1
401 433 37.789460 1
401 447 193.440652 1
401 495 23.116717 1
404 466 41.636509 1
404 456 24.627699 1
404 408 38.923343 1
405 498 13.969762 1
405 469 15.493000 1
405 437 43.561728 1
406 473 35.114077 1
406 452 32.806857 1
407 420 43.695930 1
407 479 22.991333 1
407 439 367.398181 1
408 466 28.684556 1
408 456 36.758507 1
409 492 29.227146 1
410 470 27.080703 1
411 477 43.475142 1
411 429 33.139323 1
412 417 18.962020 1
412 485 36.521986 1
412 454 19.178763 1
412 422 43.035629 1
412 457 11.788814 1
412 459 2.709536 1
412 413 16.745882 1
413 417 35.671207 1
413 454 8.854901 1
413 459 16.286961 1
413 422 26.481907 1
413 457 7.840723 1
414 427 37.583844 1
414 463 42.710640 1
415 453 30.639340 1
415 463 8.997843 1
416 418 38.205184 1
416 438 5.489915 1
417 457 29.749463 1
417 459 20.032609 1
417 485 17.848325 1
417 454 36.599457 1
418 467 34.386574 1
418 435 41.801972 1
418 482 35.926763 1
418 438 38.760088 1
418 487 30.944263 1
419 436 42.362554 1
420 425 23.606768 1
420 427 48.112108 1
420 479 43.836136 1
420 433 39.011874 1
421 469 304.696887 1
421 471 8.036721 1
422 457 33.591623 1
422 459 42.133534 1
422 493 43.959678 1
422 454 29.256711 1
423 480 21.372313 1
423 428 12.927815 1
423 461 30.853940 1
423 468 37.023117 1
423 464 26.363498 1
424 499 427.268668 1
425 433 30.684044 1
425 427 25.351115 1
426 469 43.866707 1
426 437 28.607733 1
427 433 31.541427 1
427 495 42.544711 1
428 480 12.479172 1
428 461 32.214065 1
428 464 38.348549 1
430 474 24.232218 1
430 483 8.867953 1
430 500 41.870573 1
430 472 31.355374 1
432 475 23.377885 1
433 495 27.490379 1
434 498 230.328791 1
434 477 44.432812 1
435 467 11.061956 1
435 487 12.800998 1
436 478 22.020073 1
437 469 28.571214 1
437 456 164.983392 1
439 490 40.363152 1
439 453 440.942745 1
441 493 188.242155 1
442 473 29.097545 1
442 462 35.966369 1
442 455 36.074415 1
442 488 36.906179 1
443 489 36.891056 1
443 460 17.011684 1
443 447 25.741579 1
444 481 34.391527 1
444 462 35.080902 1
444 488 34.131388 1
445 484 37.399886 1
446 497 38.172637 1
446 458 42.633651 1
446 476 14.474696 1
446 486 38.702433 1
447 489 26.525523 1
447 460 11.615683 1
447 496 34.972782 1
448 493 36.039850 1
448 494 19.495448 1
449 486 31.293528 1
451 482 32.198446 1
451 467 41.916751 1
453 463 32.764223 1
454 457 7.419327 1
454 459 19.969233 1
455 462 37.820335 1
457 459 12.573146 1
458 481 17.533227 1
459 485 37.809766 1
460 489 22.619268 1
461 480 44.629066 1
461 468 37.280451 1
461 484 34.843984 1
461 464 32.642033 1
462 488 15.120053 1
464 465 208.273945 1
464 491 37.812559 1
464 468 10.797597 1
465 496 36.548653 1
467 487 13.587878 1
468 491 30.450634 1
468 469 264.186257 1
469 498 23.926095 1
470 482 314.129917 1
472 474 14.753356 1
472 483 40.094026 1
474 483 31.679627 1
474 500 42.727320 1
476 497 24.184364 1
476 486 30.052533 1
477 482 39.456604 1
478 490 35.935631 1
481 488 35.334770 1
483 500 39.187066 1
486 497 36.040653 1
493 494 36.999990 1
90
417 64
64 398
398 429
429 227
227 245
187 135
135 318
318 197
197 258
258 344
400 36
389 16
16 159
159 42
42 411
411 231
231 137
137 292
292 127
127 483
425 82
461 57
257 371
185 109
436 76
22 95
479 193
72 219
219 233
233 176
328 269
269 228
228 86
423 171
171 317
317 348
422 392
392 405
405 98
98 7
7 147
147 121
121 304
91 244
148 353
393 9
378 140
140 223
223 475
302 46
177 365
287 131
131 487
487 112
112 80
80 150
150 499
499 30
130 142
433 360
40 289
414 279
462 330
330 346
346 295
295 321
321 138
138 458
458 268
12 379
181 478
75 266
99 467
467 19
19 230
230 108
108 218
218 452
452 427
427 394
394 492
492 85
85 115
232 305
202 332
402 229
229 59
59 167
399 445
445 397
6
1
13
499