500 3496
1 2 192.020741 1
1 259 28.494721 1
1 252 42.725004 1
1 39 14.005618 1
2 100 18.854977 1
2 4 196.224487 1
2 260 38.173901 1
2 231 30.538816 1
2 106 12.339564 1
2 138 39.694509 1
2 365 20.975561 1
2 370 41.442271 1
2 339 38.941274 1
2 467 24.258791 1
2 285 38.376114 1
2 185 28.825273 1
2 442 10.946178 1
2 253 33.889995 1
2 191 23.746755 1
3 6 138.029625 1
3 143 37.939860 1
3 273 42.719596 1
3 274 15.155806 1
3 403 26.535870 1
3 148 30.303652 1
3 277 285.666114 1
3 430 12.372608 1
3 433 354.933200 1
3 307 32.798948 1
3 53 22.213083 1
3 54 26.269331 1
3 60 43.309972 1
3 201 32.862775 1
3 211 34.646109 1
3 85 30.906254 1
3 342 37.223429 1
3 120 15.884246 1
3 352 21.512999 1
3 482 27.533732 1
3 102 35.347611 1
3 369 18.454394 1
3 248 18.147440 1
3 381 22.476300 1
4 418 31.454795 1
4 131 28.420676 1
4 229 43.942469 1
4 37 37.530938 1
4 8 264.058083 1
4 424 26.576011 1
4 425 10.612525 1
4 139 27.931152 1
4 429 172.492491 1
4 270 31.944728 1
4 397 32.357235 1
4 376 36.278603 1
4 412 38.115308 1
5 260 42.640380 1
5 10 388.423967 1
5 235 30.580220 1
5 138 43.570729 1
5 202 43.699662 1
5 206 14.117252 1
5 210 35.681830 1
5 370 40.782832 1
6 129 20.135678 1
6 12 340.338284 1
6 239 24.117061 1
6 400 30.381166 1
6 81 3.908739 1
6 405 18.924494 1
6 87 278.632895 1
6 411 272.288553 1
6 188 25.430102 1
6 286 28.223976 1
6 223 38.748262 1
7 36 38.155679 1
7 389 41.882840 1
7 420 14.847540 1
7 155 12.783357 1
7 169 22.204369 1
7 10 35.653389 1
7 427 203.388242 1
7 108 43.836807 1
7 205 41.176785 1
7 14 323.651234 1
7 236 14.621673 1
7 457 35.848188 1
7 113 16.738082 1
7 51 31.998508 1
7 179 37.591807 1
7 59 34.043061 1
7 192 42.698661 1
8 355 35.983088 1
8 71 23.137362 1
8 267 14.214546 1
8 16 109.513278 1
8 402 15.105649 1
8 339 39.399324 1
8 86 37.477413 1
8 24 29.858521 1
8 218 26.990455 1
8 190 14.477001 1
9 193 24.047195 1
9 451 35.888186 1
9 69 25.631047 1
9 70 25.492901 1
9 18 308.236560 1
9 151 29.924789 1
9 375 27.487430 1
9 251 13.025725 1
10 420 31.053716 1
10 105 36.283120 1
10 169 14.289919 1
10 108 26.452876 1
10 205 26.076827 1
10 236 33.135313 1
10 15 43.606462 1
10 461 37.684720 1
10 179 5.296364 1
10 20 259.282407 1
10 155 29.684636 1
10 284 22.889008 1
10 189 301.841023 1
10 320 39.725823 1
11 195 18.400880 1
11 390 34.944002 1
11 489 27.180403 1
11 494 23.188610 1
11 431 26.575309 1
11 496 17.783168 1
11 278 39.361807 1
11 22 136.097229 1
11 280 33.948360 1
11 410 37.535702 1
11 475 26.332163 1
11 316 14.367486 1
11 159 13.799122 1
11 160 22.834353 1
12 139 85.544083 1
12 147 24.139438 1
12 22 34.561470 1
12 24 198.944489 1
12 409 33.621133 1
12 35 38.341667 1
12 163 37.002462 1
12 294 18.487516 1
12 167 30.736112 1
12 303 44.364968 1
12 432 28.908087 1
12 50 30.452802 1
12 309 38.839995 1
12 448 8.555387 1
12 321 39.856538 1
12 196 22.411173 1
12 198 41.511832 1
12 75 32.366838 1
12 460 213.884523 1
12 77 26.491290 1
12 224 29.311210 1
12 480 31.656319 1
12 127 20.710401 1
13 38 43.404187 1
13 48 43.728461 1
13 402 36.773295 1
13 339 28.768407 1
13 86 44.323677 1
13 26 316.627554 1
13 191 41.434509 1
14 385 24.567512 1
14 34 4.684321 1
14 66 27.252036 1
14 324 40.399085 1
14 48 197.610353 1
14 17 33.178578 1
14 242 10.954937 1
14 305 42.055324 1
14 212 34.520438 1
14 276 25.423322 1
14 499 37.746406 1
14 408 43.981451 1
14 377 41.707377 1
14 28 481.489955 1
14 95 42.304787 1
15 108 30.160357 1
15 44 35.336458 1
15 45 9.464883 1
15 205 33.119215 1
15 366 40.835275 1
15 19 30.379441 1
15 179 38.818827 1
15 180 43.415403 1
15 54 38.773565 1
15 342 32.547212 1
15 436 27.056291 1
15 30 266.046186 1
15 319 34.392601 1
15 352 43.564978 1
16 98 12.804112 1
16 194 39.770185 1
16 386 26.443102 1
16 358 33.244106 1
16 359 32.735098 1
16 329 40.722827 1
16 394 31.929054 1
16 243 38.573003 1
16 441 34.918672 1
16 32 144.182640 1
17 385 34.570861 1
17 66 39.845189 1
17 34 31.549647 1
17 242 35.596018 1
17 499 16.953634 1
17 212 24.671710 1
17 276 43.987483 1
17 408 11.888146 1
17 377 41.840397 1
17 252 38.256295 1
18 36 87.556722 1
18 488 40.978559 1
18 457 41.787146 1
18 42 30.925165 1
18 460 15.949356 1
18 366 44.153927 1
18 210 361.142885 1
18 181 11.085092 1
18 153 32.840235 1
18 250 44.693299 1
18 478 223.900763 1
18 192 8.375863 1
19 38 402.522001 1
19 455 209.361265 1
19 488 40.078260 1
19 171 42.943023 1
19 108 28.300253 1
19 44 9.858172 1
19 45 38.908823 1
19 205 29.778943 1
19 366 11.122018 1
19 401 28.385474 1
19 338 106.827504 1
19 436 9.259620 1
19 471 39.218715 1
19 319 6.641393 1
20 67 30.117556 1
20 40 360.565683 1
20 237 14.646322 1
20 112 38.440158 1
20 145 41.878093 1
20 84 39.684872 1
20 149 25.147288 1
20 310 13.911603 1
20 156 21.675306 1
20 29 22.770184 1
20 351 19.668763 1
21 226 15.348776 1
21 197 35.440650 1
21 101 27.751677 1
21 42 259.750257 1
21 43 23.997414 1
21 426 31.037774 1
21 458 40.967809 1
21 367 29.979970 1
21 116 33.743028 1
21 213 35.406728 1
21 468 38.347690 1
21 444 42.247107 1
21 349 33.994556 1
22 321 16.368110 1
22 99 281.089313 1
22 35 12.495672 1
22 196 37.997290 1
22 224 15.079355 1
22 294 16.461120 1
22 200 18.999859 1
22 448 39.350322 1
22 75 33.114299 1
22 44 253.846414 1
22 77 8.538055 1
22 303 29.223313 1
22 432 25.322851 1
22 115 18.385198 1
22 147 15.536141 1
22 311 33.007628 1
22 440 31.377835 1
22 412 43.622819 1
22 127 18.195723 1
22 96 35.724871 1
23 321 118.650237 1
23 424 39.792686 1
23 298 10.524657 1
23 173 41.804885 1
23 46 267.639843 1
23 397 35.984979 1
23 494 41.668440 1
23 376 35.539101 1
23 410 38.353822 1
23 27 29.752119 1
24 355 18.407176 1
24 71 13.649149 1
24 267 15.797912 1
24 48 91.456315 1
24 402 27.225059 1
24 86 26.909510 1
24 215 38.040370 1
24 218 28.326760 1
24 379 470.362411 1
24 190 41.675257 1
25 481 35.521225 1
25 258 247.907142 1
25 292 35.052023 1
25 488 31.374948 1
25 233 10.994797 1
25 42 32.751921 1
25 203 14.147260 1
25 401 43.861032 1
25 50 282.502738 1
25 181 41.378040 1
25 219 36.114330 1
25 447 41.224012 1
26 101 42.128423 1
26 390 38.302707 1
26 453 11.729858 1
26 487 32.652539 1
26 426 42.233578 1
26 497 21.468474 1
26 371 37.190816 1
26 116 25.121000 1
26 213 34.955572 1
26 52 281.600934 1
26 468 19.900380 1
26 345 28.045095 1
26 128 21.398686 1
27 424 24.004856 1
27 298 21.666933 1
27 397 33.480522 1
27 494 39.217657 1
27 465 29.706301 1
27 278 39.075645 1
27 54 234.742221 1
27 376 37.341966 1
27 438 44.004123 1
28 134 21.926307 1
28 265 18.517056 1
28 398 8.810586 1
28 281 31.531623 1
28 293 44.322572 1
28 296 28.753403 1
28 426 377.252441 1
28 174 10.317829 1
28 439 17.463372 1
28 56 288.677823 1
28 186 43.562409 1
28 65 25.641279 1
28 327 26.114747 1
28 72 40.561854 1
28 467 516.076019 1
28 230 26.134311 1
28 486 22.903059 1
28 104 42.107949 1
28 234 33.761618 1
28 122 14.612793 1
28 382 15.997766 1
28 256 38.056494 1
29 195 43.366746 1
29 266 317.174316 1
29 156 3.445229 1
29 237 9.405075 1
29 498 38.401177 1
29 84 38.457333 1
29 310 16.160406 1
29 280 36.067296 1
29 185 291.900212 1
29 58 144.899847 1
29 380 253.404556 1
29 221 36.721988 1
29 351 6.276289 1
30 67 17.828932 1
30 484 11.516784 1
30 145 22.056036 1
30 149 30.540000 1
30 56 41.039446 1
30 60 340.054743 1
31 323 31.291518 1
31 486 324.470263 1
31 199 42.279950 1
31 262 18.574484 1
31 361 15.527160 1
31 455 11.082259 1
31 395 44.217160 1
31 172 40.987294 1
31 456 42.709881 1
31 464 19.374739 1
31 306 216.728930 1
31 275 5.663062 1
31 282 38.859603 1
31 286 38.849634 1
31 62 258.217715 1
31 223 36.306931 1
32 417 35.999503 1
32 483 44.166313 1
32 135 26.532776 1
32 297 31.776161 1
32 331 41.082642 1
32 492 30.128420 1
32 46 40.752771 1
32 111 32.968026 1
32 80 42.089710 1
32 79 33.627580 1
32 500 33.014747 1
32 470 44.370899 1
32 90 18.777324 1
32 64 426.877764 1
33 481 41.966224 1
33 66 244.911561 1
33 364 29.015764 1
33 83 29.910620 1
33 410 32.167095 1
33 475 42.254961 1
34 385 19.914766 1
34 66 22.787368 1
34 227 41.666060 1
34 68 64.264584 1
34 324 36.286652 1
34 48 199.407129 1
34 305 38.026447 1
34 242 7.155391 1
34 499 34.240794 1
34 276 21.522904 1
34 212 36.279463 1
34 408 42.867281 1
34 377 37.023867 1
34 95 39.068803 1
35 321 28.641850 1
35 224 26.941227 1
35 164 42.423600 1
35 70 313.454361 1
35 294 23.396214 1
35 200 7.659887 1
35 235 153.484605 1
35 75 25.034614 1
35 77 14.034885 1
35 480 40.248639 1
35 303 17.070863 1
35 432 18.248011 1
35 434 41.733768 1
35 115 27.661959 1
35 147 25.956032 1
35 311 41.382948 1
35 440 24.120247 1
35 412 36.221893 1
35 127 17.931591 1
35 96 23.243034 1
36 132 43.036335 1
36 420 25.024205 1
36 155 27.763469 1
36 72 256.588467 1
36 168 30.764897 1
36 169 37.880244 1
36 236 24.225821 1
36 328 24.832561 1
36 461 32.487530 1
36 497 283.213248 1
36 113 36.522061 1
36 59 10.115281 1
36 320 28.212995 1
37 322 42.445510 1
37 131 38.777878 1
37 418 27.496284 1
37 229 21.970875 1
37 41 40.334655 1
37 74 203.277393 1
37 299 39.127848 1
37 425 35.946408 1
37 270 28.668998 1
37 343 34.510460 1
37 184 24.454410 1
37 63 37.487519 1
38 329 42.970688 1
38 491 33.857167 1
38 76 167.688978 1
38 48 31.103248 1
38 86 39.985909 1
38 187 15.305229 1
39 259 21.062395 1
39 252 38.661051 1
39 78 215.269390 1
40 357 28.472776 1
40 297 41.475464 1
40 204 37.081886 1
40 429 12.076658 1
40 302 40.332238 1
40 271 21.068690 1
40 80 90.475752 1
40 462 36.924308 1
40 474 28.886032 1
40 469 150.778842 1
40 344 24.337602 1
40 413 28.084477 1
40 476 28.609222 1
40 125 42.249820 1
40 62 42.957579 1
41 322 32.477568 1
41 421 39.802151 1
41 73 40.648801 1
41 109 30.315876 1
41 334 31.791008 1
41 209 39.699705 1
41 82 205.784711 1
41 150 39.240524 1
41 247 28.673019 1
41 184 20.689727 1
41 217 33.100456 1
41 279 24.418855 1
41 343 8.318125 1
41 414 40.187061 1
41 63 27.907360 1
41 384 225.010130 1
42 481 40.101142 1
42 488 43.233564 1
42 233 37.848508 1
42 203 42.800827 1
42 460 26.730696 1
42 84 199.738602 1
42 181 23.172997 1
42 153 35.117201 1
42 92 33.412720 1
42 223 210.400773 1
42 192 39.202072 1
43 226 13.971986 1
43 101 34.959295 1
43 166 22.769383 1
43 197 12.305540 1
43 426 36.787830 1
43 458 33.577126 1
43 269 86.791557 1
43 367 38.742186 1
43 240 263.288163 1
43 213 44.091020 1
43 86 377.342252 1
43 349 37.543339 1
44 488 37.520026 1
44 171 34.862840 1
44 363 388.915091 1
44 205 39.636449 1
44 108 38.120614 1
44 45 42.629467 1
44 366 14.966198 1
44 401 24.816783 1
44 436 8.380405 1
44 471 31.556600 1
44 88 108.125615 1
44 219 41.838616 1
44 319 3.506885 1
45 291 43.555906 1
45 108 38.865694 1
45 205 41.808653 1
45 273 36.785323 1
45 179 44.331778 1
45 180 35.892557 1
45 436 34.251207 1
45 54 31.068771 1
45 342 23.364932 1
45 90 232.388309 1
45 315 40.287590 1
45 60 82.529973 1
45 319 42.195348 1
45 352 35.842490 1
46 297 44.424493 1
46 111 12.529964 1
46 79 27.500485 1
46 80 13.387019 1
46 341 43.459979 1
46 470 38.357711 1
46 57 35.901559 1
46 90 32.470380 1
46 92 256.573931 1
46 477 12.059851 1
47 268 30.533692 1
47 176 37.834347 1
47 341 20.360026 1
47 469 33.877427 1
47 55 38.548142 1
47 57 30.024876 1
47 94 42.262002 1
48 386 43.770639 1
48 419 29.960687 1
48 441 30.872723 1
48 360 37.259447 1
48 329 11.879098 1
48 394 27.116138 1
48 491 16.622996 1
48 283 32.913892 1
48 241 32.214200 1
48 243 42.326267 1
48 117 35.214354 1
48 377 216.047004 1
48 187 43.564543 1
48 96 160.902579 1
49 98 386.302823 1
49 99 23.454124 1
49 226 289.804023 1
49 261 18.971324 1
49 292 33.813792 1
49 388 32.755426 1
49 392 42.176454 1
49 452 36.258586 1
49 177 2.485890 1
49 245 10.673627 1
49 214 18.968228 1
49 88 6.360001 1
49 220 42.255243 1
49 350 42.086907 1
49 158 30.862208 1
49 447 35.308917 1
50 100 81.512757 1
50 196 39.735397 1
50 198 31.836071 1
50 167 37.618862 1
50 76 26.410959 1
50 309 42.610511 1
50 409 40.780297 1
50 285 34.427257 1
50 254 28.349545 1
50 95 42.122511 1
50 448 26.992468 1
51 387 14.587219 1
51 420 39.279962 1
51 389 11.290934 1
51 102 203.050256 1
51 155 39.289765 1
51 328 42.123567 1
51 457 19.453252 1
51 299 28.760875 1
51 236 37.468923 1
51 109 40.848992 1
51 113 16.355339 1
51 250 37.746636 1
51 59 38.630610 1
51 63 39.723454 1
52 161 24.003661 1
52 165 17.599704 1
52 261 44.429683 1
52 104 120.484501 1
52 392 38.139867 1
52 362 8.883218 1
52 171 31.821861 1
52 140 16.583231 1
52 428 35.249590 1
52 207 43.730768 1
52 272 20.411019 1
52 244 39.742961 1
52 471 35.713818 1
52 378 12.358674 1
52 219 38.956771 1
52 350 30.364447 1
52 158 38.321756 1
52 447 38.668821 1
52 256 41.103257 1
53 273 22.595514 1
53 274 27.697947 1
53 403 40.064543 1
53 148 24.201486 1
53 430 24.993181 1
53 435 28.073039 1
53 180 43.993244 1
53 54 23.491948 1
53 60 34.332861 1
53 201 17.392419 1
53 211 12.749027 1
53 85 14.210552 1
53 342 25.804752 1
53 120 31.530110 1
53 352 20.445465 1
53 225 30.444094 1
53 482 42.120299 1
53 106 421.326436 1
53 369 37.168690 1
53 114 37.630814 1
53 248 29.282717 1
53 381 41.018528 1
54 201 40.880124 1
54 108 68.874413 1
54 430 16.822697 1
54 273 27.991524 1
54 274 16.728546 1
54 211 32.646670 1
54 180 44.095862 1
54 85 37.676332 1
54 406 445.175692 1
54 307 35.759936 1
54 120 21.084557 1
54 342 13.476283 1
54 369 44.586091 1
54 435 43.469869 1
54 248 42.925776 1
54 352 4.797221 1
55 110 291.669548 1
55 149 445.363365 1
55 341 23.303033 1
55 87 25.229507 1
55 57 23.931304 1
55 94 5.627807 1
56 484 40.617630 1
56 64 39.206121 1
56 112 90.314143 1
57 80 42.646815 1
57 114 297.165173 1
57 341 10.296236 1
57 87 44.618731 1
57 477 24.004740 1
57 94 29.558843 1
58 258 17.072657 1
58 445 16.724203 1
58 263 42.922165 1
58 332 41.338737 1
58 141 40.737731 1
58 269 21.988716 1
58 466 9.462283 1
58 116 72.750652 1
58 152 12.634453 1
58 443 39.367989 1
58 189 24.346264 1
59 387 41.980697 1
59 420 23.870880 1
59 168 29.222924 1
59 169 39.683804 1
59 328 18.844679 1
59 236 22.351319 1
59 461 41.950697 1
59 113 28.583329 1
59 209 42.429799 1
59 308 39.341699 1
59 118 325.377930 1
59 155 26.447083 1
59 320 37.896074 1
60 225 37.899708 1
60 482 39.625279 1
60 201 17.942687 1
60 369 44.068769 1
60 211 31.456940 1
60 148 13.008465 1
60 85 21.112499 1
60 403 37.110016 1
60 183 31.891127 1
60 120 58.647093 1
60 435 39.406754 1
60 248 31.830229 1
61 490 31.832301 1
61 301 29.074568 1
61 333 34.658067 1
61 208 21.672970 1
61 498 27.498425 1
61 84 32.959799 1
61 118 35.553728 1
61 119 21.720650 1
61 216 18.023537 1
61 122 348.899292 1
61 221 26.431514 1
62 356 19.239520 1
62 357 39.241665 1
62 302 29.087455 1
62 271 29.586917 1
62 304 26.078376 1
62 462 8.550444 1
62 404 28.118071 1
62 476 42.215795 1
62 89 36.980561 1
62 186 506.777137 1
62 123 38.000383 1
62 124 7.859735 1
62 413 27.249504 1
63 387 25.362210 1
63 229 41.204359 1
63 389 34.660092 1
63 299 27.136710 1
63 109 15.445713 1
63 209 29.497289 1
63 308 41.326164 1
63 279 44.284399 1
63 184 35.547701 1
63 343 20.467304 1
63 126 252.787980 1
64 490 23.629666 1
64 301 27.947609 1
64 208 34.182054 1
64 119 32.939926 1
64 249 35.350453 1
64 222 35.751995 1
64 128 105.164759 1
65 130 173.070589 1
65 450 32.271207 1
65 134 5.902466 1
65 199 336.258815 1
65 72 29.520108 1
65 230 43.133189 1
65 234 29.260017 1
65 265 11.209357 1
65 296 26.617818 1
65 428 31.783352 1
65 174 26.112826 1
65 398 27.530711 1
65 486 21.062407 1
65 439 8.272368 1
65 122 35.448563 1
65 411 26.270044 1
65 382 33.786727 1
65 256 32.064057 1
66 385 5.275277 1
66 451 427.874546 1
66 68 41.508731 1
66 132 349.247433 1
66 227 21.708681 1
66 324 14.583860 1
66 144 35.804437 1
66 305 16.655674 1
66 242 16.678537 1
66 499 31.513504 1
66 276 6.900714 1
66 342 398.533663 1
66 377 16.940110 1
66 443 112.190730 1
66 254 35.521339 1
66 95 22.242616 1
67 484 28.762082 1
67 134 229.438095 1
67 427 40.099417 1
67 237 44.430490 1
67 495 42.043239 1
67 112 37.683486 1
67 145 14.842944 1
67 149 13.027829 1
67 310 41.192885 1
67 288 37.618175 1
68 163 29.911719 1
68 196 40.341082 1
68 227 27.597422 1
68 324 28.898194 1
68 167 30.107139 1
68 136 468.910847 1
68 263 39.072737 1
68 325 10.367952 1
68 144 11.480339 1
68 305 27.807669 1
68 212 94.187578 1
68 255 37.032926 1
68 276 43.859008 1
68 309 22.075005 1
68 152 38.786174 1
68 377 32.350537 1
68 189 26.016958 1
68 254 40.778934 1
68 95 34.382586 1
69 193 31.443948 1
69 295 22.088254 1
69 136 30.259817 1
69 138 426.593006 1
69 151 28.456791 1
69 251 25.753647 1
70 193 21.457614 1
70 485 23.031255 1
70 140 359.040271 1
70 493 41.843710 1
70 175 42.996959 1
70 151 31.463820 1
70 375 2.003106 1
70 154 38.471429 1
70 251 37.667152 1
70 445 445.938849 1
71 289 463.514100 1
71 355 13.051649 1
71 426 370.844580 1
71 267 13.455523 1
71 142 226.671388 1
71 402 27.920001 1
71 86 37.278596 1
71 215 33.059218 1
71 218 14.868487 1
71 190 31.421782 1
72 450 19.811619 1
72 134 26.009403 1
72 230 38.423596 1
72 486 17.822108 1
72 265 38.214340 1
72 234 9.619953 1
72 174 32.594331 1
72 398 35.068110 1
72 144 418.084960 1
72 439 30.275134 1
72 281 42.402737 1
72 122 39.254643 1
72 411 25.042135 1
72 93 40.636777 1
73 449 34.295766 1
73 483 30.117659 1
73 479 30.030466 1
73 109 40.975619 1
73 209 34.762669 1
73 146 310.135920 1
73 308 32.560675 1
73 373 44.552989 1
73 279 18.521597 1
73 247 22.815053 1
73 217 31.428030 1
73 414 23.907526 1
73 287 39.461168 1
74 391 332.941598 1
74 384 14.546238 1
74 458 194.072958 1
74 107 31.105900 1
74 427 25.568109 1
74 335 26.338449 1
74 495 33.086595 1
74 145 44.015663 1
74 82 42.642309 1
74 83 43.940088 1
74 148 263.554029 1
74 146 39.755444 1
74 178 26.237737 1
74 246 35.705858 1
74 337 38.292069 1
74 121 35.831915 1
74 317 5.417803 1
74 288 25.287322 1
75 440 43.751886 1
75 224 41.675258 1
75 294 30.440871 1
75 409 25.296466 1
75 200 27.437768 1
75 448 40.916012 1
75 480 16.085965 1
75 77 27.193849 1
75 78 35.438919 1
75 303 16.885865 1
75 240 28.907515 1
75 432 7.852863 1
75 147 37.663491 1
75 150 80.625273 1
75 182 39.662905 1
75 312 32.518897 1
75 313 29.643009 1
75 478 33.453483 1
75 127 19.011820 1
75 96 25.361596 1
76 227 39.789079 1
76 231 33.905786 1
76 138 40.938126 1
76 305 43.836259 1
76 370 42.968411 1
76 276 42.084910 1
76 152 103.067387 1
76 285 28.683901 1
76 254 23.695137 1
76 95 33.009893 1
77 321 21.212902 1
77 99 289.626959 1
77 163 42.840651 1
77 196 33.448233 1
77 224 15.130891 1
77 294 9.510870 1
77 200 21.686834 1
77 448 32.030989 1
77 480 38.722328 1
77 204 138.871337 1
77 303 27.668128 1
77 432 19.391773 1
77 115 26.255948 1
77 371 128.630830 1
77 147 12.581288 1
77 311 40.862323 1
77 440 37.035663 1
77 154 299.430400 1
77 127 10.045048 1
77 96 35.783381 1
78 390 200.164972 1
78 480 40.371379 1
78 142 36.226208 1
78 303 32.364212 1
78 240 30.251326 1
78 432 41.261370 1
78 433 32.490123 1
78 434 43.978602 1
78 380 21.584140 1
78 182 30.711797 1
78 312 4.389852 1
78 313 17.949606 1
78 314 43.763373 1
78 156 248.287431 1
78 478 22.633108 1
78 96 28.810605 1
79 133 32.836298 1
79 331 22.549744 1
79 111 15.364058 1
79 80 17.526200 1
79 277 29.821518 1
79 470 13.168161 1
79 90 15.381781 1
79 477 38.458932 1
79 158 314.192188 1
80 331 39.575686 1
80 111 9.343634 1
80 277 32.923726 1
80 470 25.984297 1
80 90 28.174929 1
80 477 21.946104 1
80 191 245.468283 1
80 160 340.099169 1
81 129 17.519213 1
81 162 203.075913 1
81 239 27.529771 1
81 400 31.349657 1
81 405 15.030459 1
81 87 281.104656 1
81 188 21.529991 1
81 286 30.398242 1
81 223 41.226621 1
82 481 43.116882 1
82 419 397.242086 1
82 164 213.376622 1
82 423 14.310018 1
82 107 41.980661 1
82 337 9.843106 1
82 83 32.393604 1
82 383 12.722592 1
82 384 29.605297 1
83 166 235.923545 1
83 423 38.541261 1
83 384 30.979410 1
83 107 19.734119 1
83 364 42.167402 1
83 427 38.350985 1
83 335 26.709924 1
83 112 41.281828 1
83 337 39.210436 1
83 178 30.168143 1
83 495 34.198072 1
83 288 41.662471 1
84 168 312.551052 1
84 490 39.862131 1
84 237 33.559088 1
84 301 41.374274 1
84 208 37.082573 1
84 498 28.548388 1
84 310 27.780843 1
84 119 29.116051 1
84 156 35.055940 1
84 221 23.332041 1
84 351 42.708826 1
85 225 25.074789 1
85 482 41.577272 1
85 296 120.717672 1
85 201 3.269182 1
85 170 218.802624 1
85 430 37.428721 1
85 273 28.863754 1
85 114 33.075619 1
85 211 11.401870 1
85 148 14.497379 1
85 274 40.401497 1
85 342 38.255709 1
85 183 36.672839 1
85 120 43.662730 1
85 369 40.393814 1
85 403 39.106416 1
85 435 24.552210 1
85 248 29.304817 1
85 381 43.591005 1
85 286 135.495533 1
85 352 34.620232 1
86 267 27.958009 1
86 402 23.822148 1
86 187 42.640257 1
86 172 363.750470 1
87 89 42.936099 1
87 404 33.664416 1
87 94 22.062522 1
87 174 484.329258 1
87 304 37.780603 1
88 99 17.630233 1
88 292 40.173755 1
88 261 24.199773 1
88 388 28.178187 1
88 452 30.913740 1
88 392 43.408998 1
88 137 256.314039 1
88 265 93.045366 1
88 333 252.583343 1
88 176 410.812028 1
88 177 8.236062 1
88 245 16.432624 1
88 214 25.308886 1
88 437 40.706472 1
88 220 38.217038 1
88 158 36.897784 1
88 447 41.504935 1
89 462 41.064936 1
89 304 15.140985 1
89 178 429.366752 1
89 404 17.936145 1
89 123 14.776388 1
89 124 33.683877 1
90 133 40.066822 1
90 331 25.144546 1
90 111 20.864879 1
90 180 220.895072 1
90 277 44.494730 1
90 470 25.616761 1
90 477 44.527987 1
91 293 31.343781 1
91 104 36.459898 1
91 346 32.811989 1
91 431 369.418421 1
91 463 32.446022 1
91 340 2.199247 1
91 182 455.085625 1
91 186 37.091897 1
92 257 26.097295 1
92 459 38.037796 1
92 460 36.926653 1
92 173 20.594738 1
92 184 105.000662 1
92 153 27.175636 1
92 250 36.995510 1
93 450 21.220870 1
93 228 18.320098 1
93 452 37.900890 1
93 437 26.378549 1
93 186 100.754188 1
93 411 22.879343 1
93 220 27.885977 1
94 188 280.175518 1
94 149 449.669801 1
94 341 28.476894 1
95 385 27.472197 1
95 322 169.532668 1
95 227 7.098442 1
95 324 12.362488 1
95 325 33.333897 1
95 167 36.404187 1
95 144 35.372690 1
95 305 10.984881 1
95 242 31.926219 1
95 276 18.531297 1
95 309 32.275776 1
95 377 30.768969 1
95 254 13.775840 1
95 190 156.214610 1
96 440 24.583836 1
96 164 28.811882 1
96 294 43.971831 1
96 200 17.721772 1
96 480 40.044719 1
96 399 227.492393 1
96 240 44.082429 1
96 303 9.538356 1
96 432 25.246822 1
96 434 26.890891 1
96 372 40.855295 1
96 412 30.964071 1
96 312 29.191804 1
96 313 36.904372 1
96 380 42.704839 1
96 478 42.585468 1
96 127 34.350309 1
96 192 189.358869 1
97 194 405.729613 1
97 99 36.269909 1
97 388 37.879030 1
97 228 38.780974 1
97 452 32.920270 1
97 437 38.564490 1
97 220 43.674456 1
98 386 13.740416 1
98 196 149.160050 1
98 357 43.358760 1
98 358 32.770177 1
98 359 32.022199 1
98 360 40.954546 1
98 329 33.255088 1
98 394 21.215696 1
98 241 42.903303 1
98 243 25.770015 1
98 441 23.014912 1
99 388 13.253570 1
99 261 41.819504 1
99 198 350.436979 1
99 487 239.619404 1
99 452 27.912625 1
99 177 24.484890 1
99 245 31.188618 1
99 214 42.054698 1
99 437 39.491404 1
99 220 39.718577 1
100 260 22.021598 1
100 231 33.912381 1
100 200 147.816826 1
100 106 29.391439 1
100 138 32.126647 1
100 235 34.328098 1
100 365 9.049908 1
100 110 44.256662 1
100 465 212.012266 1
100 210 39.764656 1
100 339 42.652460 1
100 370 32.578540 1
100 467 15.528732 1
100 442 23.889913 1
100 191 29.424633 1
101 226 21.787881 1
101 202 286.627662 1
101 426 3.417351 1
101 458 21.725034 1
101 116 29.999143 1
101 213 9.158657 1
101 118 24.758577 1
101 468 22.900718 1
101 216 43.105589 1
101 314 290.207193 1
102 354 29.800184 1
102 483 284.441363 1
102 482 10.961880 1
102 326 29.403389 1
102 266 27.165901 1
102 204 353.095036 1
102 369 16.928546 1
102 403 13.498574 1
102 148 41.189718 1
102 248 23.535021 1
102 381 13.005016 1
102 126 32.741593 1
103 162 12.409742 1
103 451 27.837808 1
103 268 43.223050 1
103 206 392.341501 1
103 175 31.333977 1
103 176 21.959934 1
103 469 17.923761 1
103 374 9.858150 1
103 251 44.263452 1
103 477 90.840774 1
104 290 429.452661 1
104 450 79.123447 1
104 186 1.830742 1
104 293 5.125411 1
104 230 22.144977 1
104 327 16.017763 1
104 346 5.538731 1
104 397 308.010459 1
104 174 37.753195 1
104 398 36.626496 1
104 208 374.815342 1
104 463 8.353931 1
104 340 34.437368 1
104 281 17.593778 1
104 122 28.639571 1
105 291 10.485632 1
105 422 31.758469 1
105 416 26.393610 1
105 461 38.774392 1
105 210 419.284710 1
105 179 37.227105 1
105 180 29.066019 1
105 315 15.934912 1
105 284 16.243152 1
105 320 43.476726 1
106 231 25.929845 1
106 138 40.913846 1
106 365 33.066276 1
106 370 43.295415 1
106 467 36.598261 1
106 212 126.999469 1
106 285 28.845467 1
106 185 18.319549 1
106 442 7.423665 1
106 253 21.739534 1
106 191 33.460655 1
107 384 23.393083 1
107 395 308.313743 1
107 427 18.686728 1
107 335 7.251130 1
107 112 24.854954 1
107 495 15.076696 1
107 178 10.513234 1
107 214 102.374814 1
107 317 30.175591 1
107 442 329.282231 1
107 285 302.799006 1
107 288 22.044321 1
108 319 34.928052 1
108 169 32.950850 1
108 205 2.958859 1
108 366 31.299436 1
108 179 21.516271 1
108 436 34.155744 1
108 216 316.721937 1
108 313 247.591853 1
108 287 133.680283 1
108 192 43.090090 1
109 417 89.417934 1
109 387 26.927282 1
109 389 40.025401 1
109 168 44.084797 1
109 328 36.634037 1
109 299 38.830158 1
109 209 14.130890 1
109 308 25.939864 1
109 279 37.252389 1
109 343 26.147673 1
109 218 323.868204 1
110 260 39.805420 1
110 202 18.690404 1
110 235 40.727016 1
110 365 41.681433 1
110 210 26.693003 1
110 467 41.314905 1
110 472 22.269753 1
110 347 32.253828 1
110 220 498.795713 1
111 331 37.645679 1
111 277 39.074221 1
111 470 27.371174 1
111 477 24.259431 1
111 222 473.605930 1
111 191 238.296248 1
112 224 206.766968 1
112 384 44.299333 1
112 427 19.760033 1
112 335 22.537646 1
112 495 12.456543 1
112 145 34.546409 1
112 178 20.419521 1
112 149 25.124429 1
112 317 41.325185 1
112 447 138.338976 1
112 288 21.177573 1
113 226 313.611423 1
113 387 28.559839 1
113 420 23.081416 1
113 389 27.298470 1
113 328 39.141562 1
113 169 37.074001 1
113 457 27.413804 1
113 236 21.368889 1
113 155 22.952781 1
114 225 8.003507 1
114 291 43.636357 1
114 228 228.606934 1
114 201 33.651299 1
114 379 28.612899 1
114 273 25.041081 1
114 338 15.733949 1
114 211 25.232659 1
114 339 436.800641 1
114 180 28.653293 1
114 342 43.210932 1
114 183 29.859329 1
114 435 9.559336 1
114 315 38.570975 1
115 321 11.896934 1
115 440 33.973195 1
115 230 376.452095 1
115 294 31.177100 1
115 200 30.822918 1
115 264 39.654715 1
115 139 37.035712 1
115 303 44.382790 1
115 432 43.509766 1
115 147 25.765995 1
115 311 14.640158 1
115 255 39.984376 1
115 412 44.113543 1
115 127 36.277082 1
115 224 21.344991 1
116 226 41.337800 1
116 453 33.103442 1
116 487 36.535080 1
116 232 88.543289 1
116 426 32.103841 1
116 371 39.572532 1
116 468 13.982923 1
116 213 28.281378 1
116 444 28.133249 1
117 353 31.765022 1
117 386 38.385016 1
117 419 6.875126 1
117 356 28.398692 1
117 358 72.113524 1
117 360 10.131262 1
117 329 31.917525 1
117 234 511.684345 1
117 394 29.910075 1
117 491 23.377331 1
117 302 31.110795 1
117 400 351.555922 1
117 241 6.309571 1
117 336 32.117628 1
117 243 27.642067 1
117 441 26.279851 1
117 283 2.769101 1
117 124 42.011350 1
117 477 134.784553 1
118 226 41.002959 1
118 426 21.365340 1
118 458 18.226745 1
118 236 319.294416 1
118 468 37.888174 1
118 213 21.899817 1
118 216 18.662326 1
119 327 352.516995 1
119 490 12.392727 1
119 301 12.484216 1
119 238 145.668194 1
119 333 31.061741 1
119 208 8.454301 1
119 498 41.790494 1
119 216 37.172279 1
119 249 43.165205 1
119 221 38.272565 1
119 222 40.974540 1
120 482 40.238044 1
120 394 403.385275 1
120 430 6.578808 1
120 143 27.145953 1
120 240 343.242332 1
120 369 29.385045 1
120 274 4.607118 1
120 211 44.076532 1
120 244 44.714030 1
120 307 18.714055 1
120 342 34.511774 1
120 403 39.927937 1
120 248 33.346814 1
120 381 32.745879 1
120 352 17.944012 1
121 130 11.719894 1
121 267 488.949169 1
121 367 258.887853 1
121 242 346.334590 1
121 146 12.750188 1
121 246 20.035457 1
121 251 501.530323 1
121 317 35.194553 1
122 449 317.581120 1
122 293 31.645683 1
122 134 30.200358 1
122 230 11.850585 1
122 296 43.365313 1
122 265 31.520454 1
122 234 30.318788 1
122 327 12.879763 1
122 346 34.000288 1
122 486 22.544872 1
122 174 9.413660 1
122 398 7.997089 1
122 463 36.958128 1
122 244 75.786521 1
122 439 27.475286 1
122 281 16.974070 1
122 186 29.906678 1
122 382 28.065147 1
123 356 41.081024 1
123 462 44.507625 1
123 304 25.590116 1
123 212 309.696670 1
123 404 29.665626 1
123 246 481.586024 1
123 124 32.060016 1
124 356 15.174611 1
124 357 42.149237 1
124 360 41.181313 1
124 302 29.041957 1
124 271 34.229905 1
124 304 25.763007 1
124 462 16.374101 1
124 404 28.866432 1
124 407 225.729792 1
124 248 409.224080 1
124 283 44.544536 1
124 413 35.070434 1
125 357 44.665930 1
125 358 27.880931 1
125 359 28.330376 1
125 314 38.984801 1
125 425 133.772437 1
125 204 28.059984 1
125 493 209.866444 1
125 300 10.676104 1
125 429 30.502529 1
125 368 11.015830 1
125 306 31.343597 1
125 250 190.634118 1
126 354 6.071837 1
126 482 42.660730 1
126 326 18.155179 1
126 392 105.064675 1
126 266 5.668040 1
126 143 43.771757 1
126 369 41.777049 1
126 252 464.453508 1
126 381 38.518502 1
126 480 396.131486 1
127 321 30.769121 1
127 196 34.471961 1
127 421 84.644792 1
127 294 11.505303 1
127 200 24.828438 1
127 448 28.074216 1
127 480 28.838186 1
127 204 133.382198 1
127 303 25.058783 1
127 432 11.955502 1
127 147 18.680179 1
127 440 42.011780 1
127 409 35.884899 1
127 254 67.593278 1
127 224 22.941642 1
128 256 297.161810 1
128 453 21.592332 1
128 390 29.534615 1
128 496 43.790666 1
128 497 2.888742 1
128 498 32.341556 1
128 468 37.041609 1
128 280 28.957179 1
128 345 15.676351 1
128 221 36.896704 1
128 160 38.952070 1
129 258 421.669085 1
129 415 150.149846 1
129 239 43.998808 1
129 405 13.175325 1
129 188 18.877682 1
129 286 30.718600 1
129 223 41.579276 1
130 146 14.719190 1
130 260 419.120122 1
130 246 27.063680 1
131 322 36.779378 1
131 440 28.702036 1
131 164 18.747191 1
131 421 34.855582 1
131 262 240.037535 1
131 295 339.748679 1
131 425 17.828398 1
131 139 41.544003 1
131 434 21.395523 1
131 372 28.456991 1
131 184 40.276016 1
131 412 16.543842 1
132 422 15.260722 1
132 320 18.590933 1
132 264 245.120648 1
132 461 18.058020 1
132 284 39.539656 1
132 416 23.419426 1
133 454 44.044118 1
133 266 311.584653 1
133 331 16.017316 1
133 396 28.475857 1
133 399 29.515035 1
133 277 27.519128 1
133 470 21.041555 1
133 415 42.081223 1
134 450 32.379552 1
134 230 37.372867 1
134 199 339.754150 1
134 296 29.377818 1
134 265 12.268610 1
134 234 24.322708 1
134 327 43.021017 1
134 268 420.316199 1
134 428 37.522441 1
134 174 20.791994 1
134 398 22.433444 1
134 486 15.340384 1
134 439 5.183427 1
134 281 43.140381 1
134 411 28.068388 1
134 382 32.524936 1
134 256 35.953539 1
135 417 18.046690 1
135 483 43.473490 1
135 297 26.814103 1
135 330 24.038586 1
135 204 34.033883 1
135 492 12.840489 1
135 270 157.965904 1
135 306 36.197394 1
135 500 16.918497 1
135 473 38.493604 1
136 295 27.993642 1
136 272 414.535704 1
137 263 18.285631 1
137 232 13.568196 1
137 264 32.672503 1
137 238 34.360130 1
137 369 354.067370 1
137 274 323.794883 1
137 438 38.220601 1
137 311 42.720798 1
137 152 43.616294 1
137 443 36.052795 1
137 255 30.248992 1
138 260 20.445062 1
138 231 20.229186 1
138 235 23.902515 1
138 365 41.082465 1
138 206 31.870224 1
138 210 39.844421 1
138 370 2.988816 1
138 276 68.197343 1
138 442 33.765424 1
138 285 35.274681 1
139 440 39.676726 1
139 424 35.704619 1
139 425 30.255137 1
139 264 34.155741 1
139 465 30.682226 1
139 278 60.260889 1
139 311 28.024749 1
139 438 34.471290 1
139 412 39.456539 1
140 161 12.312988 1
140 165 32.432719 1
140 296 36.475727 1
140 392 27.222679 1
140 362 23.095385 1
140 428 18.698713 1
140 301 295.061084 1
140 207 39.327289 1
140 272 32.724252 1
140 244 38.731359 1
140 280 244.076184 1
140 378 25.258542 1
140 350 40.093156 1
140 158 44.433438 1
140 256 27.525340 1
141 258 27.250781 1
141 332 7.942994 1
141 269 18.828503 1
141 367 40.007091 1
141 466 32.351253 1
141 473 271.811911 1
141 282 462.000860 1
141 444 20.837987 1
141 445 26.115530 1
142 322 37.349805 1
142 421 32.321032 1
142 334 30.485997 1
142 306 44.715301 1
142 372 33.571019 1
142 380 15.621303 1
142 150 23.792651 1
142 312 40.489756 1
142 473 42.756840 1
142 314 17.915697 1
142 284 200.480565 1
143 266 41.914489 1
143 430 33.617942 1
143 207 23.199657 1
143 369 39.165935 1
143 274 31.635145 1
143 307 11.848004 1
143 244 19.134095 1
143 381 40.076208 1
143 286 192.534311 1
143 352 44.421027 1
144 385 38.537283 1
144 163 41.383370 1
144 227 28.292003 1
144 324 26.240617 1
144 325 21.547624 1
144 167 40.725047 1
144 305 26.020990 1
144 276 39.739063 1
144 309 32.595645 1
144 152 36.881760 1
144 377 23.220970 1
144 252 43.650276 1
144 189 22.806333 1
144 288 244.230610 1
145 290 435.552945 1
145 484 28.806489 1
145 427 29.673029 1
145 335 41.299564 1
145 495 34.336104 1
145 146 40.876781 1
145 178 37.740665 1
145 149 17.777608 1
145 317 38.602732 1
145 288 26.595067 1
146 292 133.961361 1
146 317 37.379370 1
146 246 32.706335 1
146 484 41.266338 1
147 321 15.727911 1
147 163 30.369444 1
147 196 22.474311 1
147 294 7.885989 1
147 167 34.911879 1
147 200 33.404568 1
147 448 26.349648 1
147 303 40.221467 1
147 432 30.293203 1
147 371 118.730539 1
147 309 41.662443 1
147 311 38.886612 1
147 441 167.358665 1
147 255 34.975533 1
147 224 5.316182 1
148 225 38.090893 1
148 482 30.371609 1
148 296 116.777454 1
148 201 12.665171 1
148 430 40.555827 1
148 273 43.038623 1
148 274 43.688279 1
148 211 25.856917 1
148 369 32.554521 1
148 403 27.784691 1
148 435 38.282850 1
148 183 41.127122 1
148 248 20.223904 1
148 381 34.816545 1
148 349 467.963537 1
148 352 42.206914 1
149 484 40.885946 1
149 298 123.515701 1
149 427 31.592042 1
149 237 39.642496 1
149 335 41.256321 1
149 495 31.348511 1
149 178 37.864636 1
149 310 38.548948 1
149 351 42.144148 1
149 288 29.899889 1
150 322 15.230019 1
150 164 40.595560 1
150 484 299.836544 1
150 421 13.742404 1
150 473 42.667361 1
150 300 66.849422 1
150 334 8.185093 1
150 434 39.755009 1
150 372 21.950643 1
150 247 40.707321 1
150 184 35.156914 1
150 217 34.198362 1
150 314 38.082392 1
150 380 37.322373 1
151 193 10.027872 1
151 485 35.137369 1
151 295 30.453150 1
151 302 260.638098 1
151 375 32.272049 1
151 344 206.010678 1
151 251 40.425534 1
152 258 29.049608 1
152 445 28.507736 1
152 263 32.190446 1
152 269 34.533609 1
152 304 311.989590 1
152 466 21.379946 1
152 443 41.688161 1
152 189 14.108208 1
153 257 23.378752 1
153 389 43.249231 1
153 457 29.722896 1
153 459 27.895917 1
153 460 17.117557 1
153 173 29.236891 1
153 306 183.368826 1
153 403 195.063753 1
153 181 37.195036 1
153 250 16.219651 1
153 192 38.074990 1
154 353 263.545036 1
154 485 27.967466 1
154 199 27.502253 1
154 456 40.322366 1
154 393 30.834174 1
154 170 15.947996 1
154 493 4.538646 1
154 308 155.248352 1
154 375 36.519263 1
154 282 42.852141 1
154 415 37.605445 1
155 420 2.741833 1
155 391 120.036811 1
155 328 44.528931 1
155 169 15.483216 1
155 236 4.139521 1
155 205 43.427291 1
155 461 40.613461 1
155 179 33.180502 1
155 310 257.840102 1
155 320 39.043833 1
156 393 390.003189 1
156 237 7.311673 1
156 498 36.398611 1
156 310 13.292289 1
156 280 38.573349 1
156 185 294.560596 1
156 221 34.363181 1
156 312 248.720399 1
156 351 8.558484 1
157 262 42.257521 1
157 391 25.148597 1
157 361 42.959476 1
157 395 15.550299 1
157 172 23.648670 1
157 407 24.190848 1
157 314 188.795537 1
157 348 20.394617 1
157 286 39.152123 1
157 223 29.424372 1
158 161 38.401922 1
158 323 309.309893 1
158 292 11.569406 1
158 165 28.051426 1
158 261 14.486680 1
158 392 39.300723 1
158 233 40.634199 1
158 171 36.371440 1
158 203 43.129054 1
158 272 21.254694 1
158 177 30.021566 1
158 245 25.660749 1
158 214 13.465757 1
158 471 39.878033 1
158 378 27.082927 1
158 219 31.646597 1
158 316 189.777724 1
158 350 11.335346 1
158 447 5.631966 1
159 195 28.215470 1
159 390 24.415244 1
159 489 15.151861 1
159 494 32.753142 1
159 431 12.883190 1
159 496 13.609439 1
159 278 34.494546 1
159 280 29.336908 1
159 345 37.837247 1
159 475 39.985643 1
159 316 9.801951 1
159 318 158.588954 1
159 160 15.568274 1
160 195 26.691790 1
160 453 41.029515 1
160 390 12.994627 1
160 489 26.391890 1
160 431 19.923070 1
160 496 5.655617 1
160 497 41.695483 1
160 476 322.913614 1
160 280 13.880063 1
160 345 24.073926 1
160 475 44.193347 1
160 316 8.475067 1
160 320 264.111250 1
161 322 259.710719 1
161 165 35.188644 1
161 261 35.852512 1
161 296 41.868940 1
161 392 15.104754 1
161 362 32.323412 1
161 428 17.219372 1
161 272 32.981159 1
161 378 27.445146 1
161 350 37.213719 1
161 447 41.945811 1
161 256 34.186264 1
162 290 34.594061 1
162 451 37.265445 1
162 324 379.885608 1
162 268 32.748080 1
162 175 20.235222 1
162 176 11.652457 1
162 469 15.945136 1
162 374 21.761543 1
163 321 34.824765 1
163 227 44.418960 1
163 196 14.658298 1
163 325 20.635741 1
163 326 413.702148 1
163 167 14.935292 1
163 359 152.245997 1
163 263 33.676686 1
163 294 35.181745 1
163 448 31.002081 1
163 309 16.040885 1
163 255 17.511890 1
163 224 29.958260 1
164 322 34.301440 1
164 421 28.904613 1
164 200 34.777970 1
164 328 128.776957 1
164 425 35.823247 1
164 303 37.290784 1
164 434 2.663811 1
164 372 18.773856 1
164 440 22.143529 1
164 412 13.691200 1
165 292 33.585056 1
165 261 39.062043 1
165 488 41.626236 1
165 330 272.648313 1
165 171 16.216902 1
165 362 19.619347 1
165 272 6.883520 1
165 401 38.582879 1
165 437 84.047440 1
165 214 41.512555 1
165 471 20.561451 1
165 378 7.745208 1
165 219 21.512238 1
165 350 17.259085 1
165 447 26.093582 1
166 226 36.656549 1
166 363 66.114219 1
166 332 85.621758 1
166 197 10.489816 1
166 349 43.373110 1
167 321 44.483690 1
167 227 34.077627 1
167 196 12.480092 1
167 324 41.222321 1
167 294 36.675585 1
167 325 19.861296 1
167 448 22.712904 1
167 334 145.372743 1
167 305 39.061372 1
167 309 8.129716 1
167 476 223.899400 1
167 254 31.277703 1
167 255 32.424065 1
167 224 36.715711 1
168 449 41.774877 1
168 328 14.701439 1
168 496 239.768702 1
168 209 30.480357 1
168 336 266.402729 1
168 308 20.186035 1
168 373 40.157063 1
168 287 34.586149 1
169 420 17.092579 1
169 236 19.137438 1
169 205 31.330366 1
169 461 37.338688 1
169 338 99.562731 1
169 179 17.737658 1
169 284 32.858450 1
169 320 37.647516 1
170 323 32.023791 1
170 485 32.698568 1
170 199 13.998757 1
170 456 29.562572 1
170 393 26.857836 1
170 493 11.460140 1
170 340 354.654305 1
170 282 30.589979 1
171 292 36.887506 1
171 447 32.189411 1
171 488 26.510617 1
171 233 35.898268 1
171 362 30.025704 1
171 366 38.570694 1
171 272 20.151024 1
171 401 22.371341 1
171 436 42.791193 1
171 342 89.460104 1
171 471 4.382381 1
171 378 23.957753 1
171 219 10.838066 1
171 350 25.355344 1
171 319 36.823731 1
172 262 22.979554 1
172 199 41.009713 1
172 391 9.235315 1
172 361 25.462791 1
172 393 40.797549 1
172 395 22.838015 1
172 456 26.731854 1
172 407 12.860659 1
172 344 180.117352 1
172 348 30.659197 1
172 286 42.316826 1
172 223 31.281660 1
173 257 10.426526 1
173 418 39.174125 1
173 229 40.212627 1
173 250 28.713342 1
173 459 21.775567 1
173 397 38.511650 1
173 270 38.177628 1
173 430 185.204938 1
173 376 33.187036 1
173 346 275.134994 1
174 293 40.973965 1
174 230 18.189775 1
174 327 22.238403 1
174 296 37.192865 1
174 265 23.274379 1
174 234 24.695788 1
174 346 43.189901 1
174 486 14.894215 1
174 398 2.475053 1
174 439 18.294194 1
174 281 23.997255 1
174 186 38.916377 1
174 348 290.349666 1
174 382 26.265750 1
175 290 21.465209 1
175 454 27.808570 1
175 268 32.559376 1
175 399 43.366346 1
175 176 21.876734 1
175 337 397.098933 1
175 469 33.618009 1
175 374 41.176376 1
175 375 43.402972 1
175 350 353.538301 1
175 415 33.219166 1
176 290 27.935510 1
176 454 40.851634 1
176 268 21.392528 1
176 469 13.183010 1
176 374 29.482832 1
176 352 311.960651 1
177 354 152.628749 1
177 226 288.005194 1
177 292 32.207045 1
177 261 19.035966 1
177 422 206.476336 1
177 388 32.942482 1
177 392 43.845187 1
177 447 34.214163 1
177 452 38.631655 1
177 245 8.317032 1
177 214 17.586641 1
177 350 41.326079 1
177 383 43.137404 1
178 356 392.635083 1
178 288 11.531163 1
178 427 8.185295 1
178 335 3.586073 1
178 495 8.032555 1
178 317 23.672000 1
178 285 308.845167 1
178 384 23.898976 1
179 420 34.824045 1
179 358 261.190653 1
179 236 36.874169 1
179 205 21.416167 1
179 461 42.682300 1
179 463 219.998099 1
179 284 25.545857 1
179 189 302.757858 1
180 225 31.712169 1
180 291 19.706579 1
180 360 352.952462 1
180 379 35.625851 1
180 273 21.397730 1
180 338 33.348373 1
180 211 37.339106 1
180 435 28.762806 1
180 342 30.889023 1
180 315 13.609188 1
180 284 43.989987 1
181 488 32.479396 1
181 233 40.047062 1
181 362 88.235584 1
181 460 20.581477 1
181 366 42.828053 1
181 401 39.539361 1
181 373 160.349467 1
181 192 17.835176 1
182 194 36.869256 1
182 198 41.929279 1
182 409 30.751244 1
182 364 240.642567 1
182 240 11.541680 1
182 433 7.134880 1
182 312 26.902177 1
182 313 14.457707 1
182 478 8.722628 1
182 480 31.255308 1
183 225 28.115206 1
183 201 34.525932 1
183 366 135.570824 1
183 338 34.282405 1
183 211 38.258128 1
183 435 31.975249 1
184 322 21.708478 1
184 421 28.490218 1
184 334 31.002437 1
184 368 103.904845 1
184 372 35.431876 1
184 343 19.535394 1
184 279 43.751158 1
185 194 29.600098 1
185 198 37.733797 1
185 231 38.682185 1
185 370 59.561712 1
185 438 170.709260 1
185 285 33.442620 1
185 442 25.396478 1
185 253 10.269582 1
185 191 42.913838 1
186 290 431.275278 1
186 293 5.889338 1
186 230 22.829933 1
186 327 17.447681 1
186 398 37.870838 1
186 463 7.412599 1
186 372 373.578291 1
186 340 35.112971 1
186 281 17.975216 1
186 346 4.995118 1
186 479 349.426511 1
187 491 41.184535 1
187 374 266.091080 1
188 400 42.023647 1
188 405 7.178560 1
188 376 267.994535 1
189 258 41.415549 1
189 325 34.422737 1
189 263 34.309161 1
189 269 44.258679 1
189 466 30.712470 1
189 377 42.128068 1
189 378 319.112347 1
189 445 36.780417 1
189 255 44.678020 1
190 355 42.455598 1
190 457 341.277133 1
190 267 27.245069 1
190 402 29.013186 1
190 339 38.638638 1
190 467 43.899232 1
190 218 27.805634 1
190 380 191.632398 1
191 442 34.580496 1
191 339 15.212044 1
191 365 22.826539 1
191 382 498.420164 1
191 467 19.060000 1
192 488 42.906732 1
192 457 40.903501 1
192 460 22.288078 1
192 205 40.662191 1
192 366 40.132415 1
192 210 364.430836 1
192 384 145.213526 1
193 386 278.717344 1
193 485 28.646214 1
193 295 38.829639 1
193 375 22.334827 1
193 344 196.041483 1
193 251 36.227676 1
194 433 35.987199 1
194 388 368.065095 1
194 253 31.801396 1
194 198 38.774897 1
194 240 41.853575 1
195 390 39.338752 1
195 489 43.301103 1
195 494 35.300834 1
195 431 40.363712 1
195 496 21.439826 1
195 280 30.303622 1
195 410 38.576230 1
195 475 19.579466 1
195 316 21.515325 1
195 351 40.692127 1
196 321 33.244384 1
196 325 30.018589 1
196 294 24.404203 1
196 359 137.819681 1
196 392 331.789846 1
196 448 16.498879 1
196 309 19.768905 1
196 254 41.401855 1
196 255 29.684067 1
196 224 24.632145 1
197 226 26.166749 1
197 423 264.526264 1
197 394 366.286472 1
197 458 40.724096 1
197 367 43.179725 1
197 349 39.703900 1
198 396 232.280750 1
198 240 35.479516 1
198 285 35.247780 1
198 409 20.442945 1
198 253 28.628459 1
198 480 29.551375 1
199 323 33.026050 1
199 262 33.024431 1
199 391 41.726507 1
199 456 16.081747 1
199 361 36.549383 1
199 393 19.622809 1
199 493 23.135856 1
199 398 341.596213 1
199 464 44.319661 1
199 282 34.786131 1
200 321 34.213850 1
200 294 31.052334 1
200 235 159.702189 1
200 480 43.417954 1
200 303 14.530957 1
200 400 293.798308 1
200 432 22.150034 1
200 434 34.074045 1
200 311 43.206388 1
200 440 17.530150 1
200 412 29.204776 1
200 224 33.960333 1
201 225 25.676496 1
201 482 41.300885 1
201 430 40.060462 1
201 273 31.580941 1
201 402 492.323377 1
201 211 13.947085 1
201 274 43.076974 1
201 369 41.003704 1
201 342 41.492077 1
201 403 38.775671 1
201 248 29.453415 1
201 435 25.650586 1
201 381 44.001590 1
201 286 135.710364 1
201 352 37.745630 1
202 260 33.789341 1
202 235 29.068825 1
202 206 35.175213 1
202 210 12.575650 1
202 404 250.000797 1
202 472 10.439329 1
202 347 21.752802 1
203 481 29.827735 1
203 292 31.572855 1
203 447 39.487871 1
203 423 34.178420 1
203 488 44.028696 1
203 233 22.199413 1
203 364 44.150974 1
203 245 43.334976 1
203 214 40.752189 1
203 406 308.727461 1
203 219 43.530605 1
203 383 44.287651 1
204 417 41.656384 1
204 297 39.077373 1
204 330 29.690403 1
204 300 30.007403 1
204 429 31.163635 1
204 492 41.086697 1
204 368 33.852878 1
204 306 15.511586 1
204 500 43.219116 1
204 408 272.303652 1
204 473 44.111610 1
204 314 41.637047 1
204 344 42.194410 1
205 313 244.707464 1
205 410 169.045834 1
205 436 36.153757 1
205 366 31.780312 1
205 319 36.351418 1
206 260 28.526374 1
206 235 16.511535 1
206 210 24.669016 1
206 370 28.915436 1
206 472 41.581270 1
206 412 193.324784 1
207 451 397.866554 1
207 296 30.322978 1
207 362 40.591067 1
207 428 43.818756 1
207 307 32.736936 1
207 244 8.686380 1
207 382 39.337982 1
207 414 272.697372 1
207 256 26.380866 1
208 327 360.808126 1
208 490 10.627429 1
208 301 7.407760 1
208 333 22.611437 1
208 216 33.700351 1
208 249 36.861998 1
208 318 42.958213 1
208 221 43.162582 1
208 222 34.354454 1
208 416 382.561716 1
209 418 85.694072 1
209 387 33.348552 1
209 328 25.600746 1
209 308 11.828893 1
209 343 37.728001 1
209 279 37.836466 1
209 318 360.292751 1
210 260 22.578725 1
210 420 359.529967 1
210 235 16.494236 1
210 365 42.907398 1
210 370 37.286007 1
210 472 22.164218 1
210 347 32.276189 1
211 225 17.779023 1
211 422 94.445248 1
211 430 37.503823 1
211 273 17.654755 1
211 338 40.966514 1
211 274 40.060369 1
211 435 15.769525 1
211 342 29.691902 1
211 248 38.157354 1
211 352 30.872976 1
212 408 25.415673 1
212 242 43.113819 1
212 499 41.205507 1
212 424 233.125244 1
213 226 30.924362 1
213 426 7.726614 1
213 458 25.922964 1
213 497 44.176874 1
213 468 17.489739 1
213 216 38.644518 1
213 314 286.307023 1
214 292 15.005691 1
214 261 11.308758 1
214 392 42.455836 1
214 459 141.402395 1
214 428 62.207318 1
214 272 34.696317 1
214 245 12.217957 1
214 378 40.113226 1
214 219 42.859506 1
214 350 24.666088 1
214 447 16.836853 1
215 218 30.235240 1
215 355 20.602219 1
215 430 544.443775 1
215 446 19.389773 1
216 426 39.688300 1
216 458 34.152484 1
216 490 44.249859 1
216 333 35.108690 1
216 301 40.205139 1
216 432 244.224889 1
216 498 36.780646 1
216 221 38.115913 1
217 417 41.626804 1
217 322 41.131246 1
217 483 41.427384 1
217 473 24.082229 1
217 330 40.479353 1
217 334 27.523013 1
217 464 204.933767 1
217 434 73.334251 1
217 500 43.856439 1
217 279 18.277328 1
217 247 9.697806 1
217 343 41.332484 1
217 414 11.741289 1
218 355 17.924354 1
218 485 412.180822 1
218 267 24.779780 1
218 402 37.695683 1
218 436 462.967910 1
218 446 35.566652 1
219 292 29.125006 1
219 447 26.529122 1
219 488 21.157850 1
219 233 25.410852 1
219 362 38.989892 1
219 491 395.655451 1
219 366 41.963757 1
219 272 22.130787 1
219 401 22.811405 1
219 438 206.920593 1
219 471 11.326885 1
219 378 28.630426 1
219 350 22.265251 1
219 319 43.117707 1
220 450 43.756563 1
220 228 25.257597 1
220 452 13.141842 1
220 392 35.545788 1
220 437 6.200689 1
220 440 295.618727 1
220 411 38.879497 1
221 237 37.665350 1
221 497 34.819311 1
221 498 5.216977 1
221 310 36.060044 1
221 442 299.541110 1
221 351 42.823804 1
222 289 39.255983 1
222 490 29.964946 1
222 301 28.491303 1
222 333 22.621316 1
222 471 307.059528 1
222 249 3.256983 1
222 444 149.536879 1
222 318 24.055223 1
223 262 30.737168 1
223 391 39.637372 1
223 361 28.396403 1
223 395 13.939753 1
223 239 43.529467 1
223 275 38.915432 1
223 407 41.927080 1
223 286 11.189736 1
223 446 468.018172 1
224 321 10.587050 1
224 294 12.959025 1
224 303 42.470677 1
224 432 34.068376 1
224 371 114.235806 1
224 309 42.814562 1
224 311 33.887805 1
224 255 31.858863 1
224 448 30.916298 1
225 450 199.123639 1
225 379 36.611860 1
225 273 21.998343 1
225 338 23.476022 1
225 339 442.362513 1
225 435 3.980693 1
225 342 39.776830 1
225 315 43.278990 1
226 452 308.816395 1
226 426 24.114618 1
226 458 27.319602 1
226 367 40.652321 1
226 468 40.729097 1
226 349 42.183572 1
227 481 260.518284 1
227 322 169.136684 1
227 385 26.917524 1
227 324 8.142799 1
227 325 27.634187 1
227 454 345.097042 1
227 305 6.026604 1
227 242 34.562685 1
227 276 20.182489 1
227 309 28.658011 1
227 377 26.130321 1
227 254 18.630161 1
228 450 39.451243 1
228 411 40.685810 1
228 452 28.796360 1
228 437 20.107971 1
228 456 362.567869 1
229 257 35.312245 1
229 418 16.197424 1
229 389 44.536950 1
229 458 251.624841 1
229 299 27.110432 1
229 459 26.549603 1
229 397 35.950913 1
229 270 16.739488 1
229 499 236.639998 1
229 376 32.899868 1
229 250 40.427385 1
230 293 26.487927 1
230 486 25.328364 1
230 327 11.397982 1
230 265 41.461030 1
230 234 28.807813 1
230 460 215.591633 1
230 398 18.102415 1
230 463 30.241799 1
230 439 35.943980 1
230 281 5.846158 1
230 346 27.652516 1
230 382 39.862197 1
231 260 35.183547 1
231 235 42.734317 1
231 365 42.222739 1
231 462 191.030883 1
231 369 451.674984 1
231 370 23.199242 1
231 253 34.655943 1
231 442 20.620152 1
231 285 16.077661 1
232 263 30.387214 1
232 264 31.873876 1
232 238 23.561455 1
232 464 376.434389 1
232 278 44.696026 1
232 438 34.657290 1
232 443 27.357362 1
232 255 43.814767 1
233 258 258.398891 1
233 292 30.926263 1
233 488 21.865116 1
233 272 43.489921 1
233 401 33.758865 1
233 466 267.903606 1
233 471 34.847273 1
233 350 37.595158 1
233 447 35.262487 1
234 450 28.960050 1
234 486 11.244896 1
234 327 39.302913 1
234 265 35.569180 1
234 398 27.112998 1
234 468 356.801291 1
234 439 27.324882 1
234 281 32.823216 1
234 411 32.645058 1
235 260 12.388278 1
235 365 40.599577 1
235 495 348.833173 1
235 370 21.163986 1
235 470 312.935478 1
235 472 38.407225 1
236 420 2.088628 1
236 391 117.571745 1
236 328 40.390428 1
236 461 40.228332 1
236 472 379.021216 1
236 320 38.199325 1
237 393 392.172110 1
237 474 372.235180 1
237 498 40.483645 1
237 310 7.358418 1
237 351 10.051596 1
238 258 42.620832 1
238 487 29.885334 1
238 489 44.006796 1
238 371 25.924020 1
238 443 7.261181 1
238 476 289.782994 1
239 478 287.508067 1
239 422 43.030816 1
239 400 22.822748 1
239 405 41.875062 1
239 379 38.189503 1
239 286 37.382394 1
239 416 38.161963 1
240 409 20.468087 1
240 303 40.221228 1
240 432 36.689061 1
240 433 18.659201 1
240 312 25.888489 1
240 313 12.480205 1
240 478 10.129049 1
240 480 19.768812 1
241 353 37.467283 1
241 482 443.215871 1
241 386 32.361367 1
241 356 30.534792 1
241 357 43.533694 1
241 358 66.570567 1
241 419 9.603228 1
241 360 6.317764 1
241 329 27.175702 1
241 394 23.690582 1
241 491 23.181948 1
241 302 29.698156 1
241 336 37.534890 1
241 243 22.189774 1
241 441 19.971898 1
241 283 6.869863 1
242 385 14.965630 1
242 324 29.445861 1
242 484 317.864006 1
242 305 31.103454 1
242 499 34.947297 1
242 276 14.490401 1
242 377 32.312838 1
242 254 42.243832 1
243 386 12.394402 1
243 419 31.657658 1
243 356 34.950610 1
243 357 27.188062 1
243 486 477.943016 1
243 358 44.473706 1
243 359 43.589705 1
243 329 31.826100 1
243 360 17.748876 1
243 394 17.611179 1
243 491 41.143005 1
243 302 22.515420 1
243 271 36.980218 1
243 441 12.025131 1
243 283 28.974588 1
244 451 390.139981 1
244 296 37.496113 1
244 488 87.833681 1
244 362 35.138711 1
244 307 26.375094 1
244 256 32.059653 1
245 292 25.373946 1
245 261 18.571292 1
245 422 200.095928 1
245 388 37.525735 1
245 447 28.889696 1
245 490 227.887327 1
245 350 36.883545 1
245 383 39.658733 1
246 492 347.755257 1
246 317 38.022691 1
247 322 44.719128 1
247 483 39.072931 1
247 334 33.141217 1
247 494 183.198384 1
247 464 198.297755 1
247 343 36.366156 1
247 279 8.809269 1
247 473 32.213570 1
247 414 11.541891 1
248 482 12.897399 1
248 430 30.520007 1
248 496 318.185739 1
248 369 12.351039 1
248 274 33.254587 1
248 403 10.782304 1
248 381 14.717611 1
248 352 38.153814 1
249 289 39.583478 1
249 490 31.778729 1
249 301 30.700276 1
249 333 25.878028 1
249 498 82.557947 1
249 471 308.127674 1
249 318 26.201165 1
250 257 18.791482 1
250 387 43.254177 1
250 389 29.733525 1
250 457 21.378657 1
250 299 29.807269 1
250 459 15.386424 1
250 460 30.743606 1
250 500 155.646848 1
251 451 24.337010 1
251 375 39.667538 1
252 377 32.254182 1
252 259 18.264994 1
252 499 23.371716 1
252 385 42.480414 1
252 408 41.045408 1
253 442 27.202343 1
253 285 25.755784 1
253 438 161.060621 1
254 385 40.621105 1
254 324 25.812893 1
254 325 36.149039 1
254 305 24.104037 1
254 276 30.753324 1
254 309 30.302426 1
254 377 44.304836 1
254 448 39.536066 1
255 321 31.037622 1
255 418 126.956011 1
255 325 31.307362 1
255 294 42.099724 1
255 263 19.010496 1
255 309 32.046463 1
255 311 41.967656 1
256 392 43.413576 1
256 265 24.837939 1
256 362 43.507162 1
256 296 9.359453 1
256 428 20.752435 1
256 439 32.951941 1
256 382 30.266624 1
257 418 38.509209 1
257 457 40.094188 1
257 299 38.632830 1
257 459 12.241577 1
257 397 43.122791 1
257 270 37.727778 1
257 430 179.870329 1
257 460 40.412311 1
257 376 37.640030 1
258 487 43.255136 1
258 332 30.516127 1
258 269 12.052484 1
258 466 13.826057 1
258 371 39.876390 1
258 443 35.363233 1
258 444 28.960911 1
258 445 14.915999 1
259 298 198.300625 1
259 499 39.642933 1
260 370 18.814546 1
260 467 34.512134 1
260 442 37.962418 1
260 365 28.835949 1
260 472 44.112723 1
261 292 22.697528 1
261 392 31.176716 1
261 272 32.268734 1
261 378 35.635468 1
261 475 155.550575 1
261 350 24.608276 1
261 447 19.984096 1
262 323 38.842661 1
262 293 324.351056 1
262 391 30.757229 1
262 455 29.093791 1
262 361 4.189606 1
262 393 43.700418 1
262 395 32.664526 1
262 456 27.401793 1
262 464 34.598383 1
262 275 24.188033 1
262 407 34.948006 1
262 286 38.321909 1
263 443 44.050648 1
263 309 44.266644 1
263 325 38.332433 1
263 400 352.860688 1
264 465 21.749363 1
264 278 39.023917 1
264 311 25.388938 1
264 438 8.253420 1
265 450 43.388847 1
265 486 25.159562 1
265 327 44.033683 1
265 296 17.352782 1
265 428 31.739809 1
265 398 23.718105 1
265 439 8.244756 1
265 411 37.414302 1
265 382 23.000984 1
266 354 6.375976 1
266 482 36.997799 1
266 326 17.322866 1
266 392 107.794384 1
266 369 36.274008 1
266 403 39.553574 1
266 381 32.940723 1
267 402 14.474119 1
267 355 26.039117 1
268 290 21.075190 1
268 454 34.589329 1
268 469 29.712033 1
268 277 37.249303 1
268 341 42.765292 1
268 415 44.300062 1
269 466 13.586612 1
269 332 19.776224 1
269 445 8.327814 1
269 444 29.188429 1
270 418 1.197504 1
270 424 31.685738 1
270 425 38.527456 1
270 299 43.230845 1
270 459 33.983493 1
270 397 19.728500 1
270 499 223.093898 1
270 376 17.765212 1
271 386 43.577492 1
271 356 29.928010 1
271 357 12.663780 1
271 360 42.609390 1
271 429 23.989646 1
271 302 19.292803 1
271 462 27.448928 1
271 311 200.277339 1
271 344 42.030713 1
271 474 42.654606 1
271 476 40.339614 1
271 413 31.092841 1
272 292 27.627215 1
272 392 41.813025 1
272 488 43.200332 1
272 362 24.697467 1
272 401 42.107558 1
272 437 78.507819 1
272 471 24.484118 1
272 378 8.101418 1
272 350 10.861785 1
272 447 19.719071 1
273 291 41.050733 1
273 484 310.594859 1
273 430 40.206263 1
273 338 38.347624 1
273 274 41.738480 1
273 435 18.022646 1
273 342 18.175897 1
273 315 34.961097 1
273 352 28.974324 1
274 482 41.442110 1
274 394 400.080335 1
274 430 3.133798 1
274 369 31.004565 1
274 307 22.630334 1
274 403 40.850662 1
274 342 30.071387 1
274 381 34.636543 1
274 352 13.372519 1
275 323 31.753325 1
275 455 6.941743 1
275 361 20.977685 1
275 464 16.986340 1
275 306 222.390677 1
275 282 39.236993 1
275 286 39.922369 1
276 385 10.678688 1
276 324 15.110978 1
276 305 16.656293 1
276 499 37.493456 1
276 342 397.980710 1
276 377 23.270190 1
277 290 28.374729 1
277 454 25.198962 1
277 331 33.408083 1
277 399 20.174652 1
277 470 19.757063 1
277 415 29.554212 1
278 489 24.742189 1
278 494 35.470536 1
278 431 32.319759 1
278 465 29.598561 1
278 438 31.767574 1
278 316 44.239770 1
279 483 41.640968 1
279 334 37.654662 1
279 496 217.333937 1
279 308 41.306963 1
279 343 31.095682 1
279 473 40.920186 1
279 414 18.598963 1
280 453 37.948041 1
280 390 15.963839 1
280 489 39.700967 1
280 431 32.667897 1
280 496 16.716069 1
280 497 31.356744 1
280 345 17.443004 1
280 316 20.809498 1
280 351 38.138216 1
281 293 22.350865 1
281 486 30.618313 1
281 327 11.654021 1
281 398 23.789486 1
281 463 25.305550 1
281 403 122.118013 1
281 439 41.786017 1
281 346 22.937440 1
281 382 44.524895 1
282 323 7.568562 1
282 485 37.570998 1
282 493 39.461003 1
282 455 34.277367 1
282 464 24.801735 1
283 353 30.597845 1
283 386 39.210821 1
283 419 4.116552 1
283 356 31.098691 1
283 360 11.977326 1
283 329 30.297310 1
283 394 29.599581 1
283 491 20.647537 1
283 302 33.739030 1
283 336 30.691015 1
283 400 354.207732 1
283 441 26.457339 1
284 291 26.677841 1
284 422 28.572222 1
284 320 31.049377 1
284 461 26.850889 1
284 315 31.718242 1
284 416 27.695220 1
285 370 38.251719 1
285 442 27.457096 1
286 361 35.163037 1
286 395 24.250644 1
286 405 40.313908 1
287 449 9.869608 1
287 483 42.473272 1
287 396 41.497660 1
287 308 39.586370 1
287 373 6.659904 1
287 479 20.408725 1
288 427 3.407430 1
288 317 20.807684 1
288 495 11.800489 1
288 335 14.954616 1
288 384 29.229757 1
289 363 38.214809 1
289 333 44.402046 1
289 318 23.908488 1
289 406 37.755024 1
290 415 23.593404 1
290 469 40.805845 1
290 454 14.069226 1
290 399 28.074347 1
291 422 38.548199 1
291 396 154.270119 1
291 379 36.462213 1
291 338 41.537310 1
291 315 6.097559 1
291 416 31.598469 1
292 450 103.325050 1
292 488 44.514565 1
292 471 39.443931 1
292 378 34.979721 1
292 350 16.858622 1
292 447 8.518055 1
293 327 18.767285 1
293 397 309.621270 1
293 398 39.621851 1
293 463 6.596291 1
293 340 29.331314 1
293 346 3.862080 1
294 321 22.670976 1
294 480 38.378823 1
294 303 35.191572 1
294 432 23.440527 1
294 309 44.172984 1
294 409 44.086171 1
294 448 22.906114 1
296 486 42.270142 1
296 428 26.421918 1
296 439 25.585446 1
296 382 21.581142 1
296 398 36.717798 1
297 492 39.409852 1
297 432 160.211963 1
297 500 43.558389 1
297 344 21.874523 1
297 474 28.687603 1
297 476 33.075704 1
298 321 111.464911 1
298 424 37.470539 1
298 397 38.041633 1
298 494 33.130401 1
298 376 39.090813 1
298 410 35.218692 1
299 418 42.906816 1
299 387 22.659526 1
299 389 17.920308 1
299 457 30.158269 1
299 362 164.656983 1
299 459 26.485457 1
299 343 44.529599 1
300 358 33.064203 1
300 359 33.721313 1
300 425 123.101089 1
300 429 40.373794 1
300 368 4.274385 1
300 306 27.654585 1
300 314 28.812629 1
300 380 41.472552 1
301 490 4.840688 1
301 333 21.807290 1
301 318 40.730683 1
302 386 32.977365 1
302 419 37.786435 1
302 356 16.890954 1
302 357 17.600617 1
302 360 23.493471 1
302 394 39.210071 1
302 429 41.350167 1
302 462 32.462963 1
302 441 33.233010 1
302 413 44.578375 1
303 440 27.938319 1
303 409 41.804894 1
303 399 235.926383 1
303 432 15.745745 1
303 434 35.623114 1
303 312 31.436846 1
303 313 35.622644 1
303 412 36.975665 1
303 478 40.926665 1
303 480 32.540567 1
304 413 39.174912 1
304 356 40.704221 1
304 404 4.504565 1
304 462 27.919201 1
305 385 21.686695 1
305 324 2.208493 1
305 325 29.991555 1
305 400 398.997432 1
305 309 32.989669 1
305 377 20.267457 1
306 417 36.489608 1
306 330 20.796120 1
306 492 38.280626 1
306 368 31.923010 1
306 500 38.951852 1
306 473 31.255456 1
306 314 27.924104 1
307 369 39.621391 1
307 450 120.013380 1
307 381 41.640768 1
307 430 25.222284 1
307 352 34.284374 1
308 449 42.548253 1
308 387 42.310709 1
308 328 20.594626 1
309 324 35.062004 1
309 476 231.924958 1
309 325 11.996193 1
309 448 30.720484 1
310 498 39.653444 1
310 351 17.383663 1
311 321 23.326513 1
311 426 169.031820 1
311 465 39.958266 1
311 438 32.079007 1
311 440 41.375692 1
312 409 42.287708 1
312 432 38.810820 1
312 433 29.277302 1
312 313 13.667145 1
312 380 25.609091 1
312 478 18.586194 1
312 480 36.346178 1
313 432 37.258762 1
313 433 18.962947 1
313 409 31.055718 1
313 380 37.529347 1
313 478 5.748077 1
313 480 27.214964 1
314 473 36.484056 1
314 330 39.077649 1
314 380 23.148584 1
314 334 42.638923 1
314 368 31.019819 1
315 422 44.565120 1
315 495 256.438154 1
315 338 38.145728 1
315 435 40.880944 1
315 342 42.105101 1
315 379 35.077946 1
315 416 37.439142 1
316 390 20.836170 1
316 489 24.006338 1
316 494 37.177836 1
316 431 19.458425 1
316 496 4.143772 1
316 345 32.547342 1
316 475 37.101438 1
316 476 317.169795 1
317 391 336.510595 1
317 427 21.576388 1
317 335 24.471521 1
317 495 29.751870 1
317 337 43.262982 1
317 384 17.938745 1
318 490 44.473583 1
318 333 20.659768 1
319 488 37.003242 1
319 363 388.200683 1
319 366 12.019404 1
319 401 24.569988 1
319 338 110.489664 1
319 436 8.467516 1
319 471 33.278543 1
320 420 37.287488 1
320 461 4.785986 1
320 422 23.153778 1
320 416 30.762188 1
321 440 42.228097 1
321 448 41.380683 1
321 432 40.473121 1
322 434 34.461750 1
322 372 17.148098 1
322 421 7.434373 1
322 334 15.312232 1
322 343 36.364682 1
323 485 44.300988 1
323 455 27.051515 1
323 456 44.718127 1
323 361 39.168680 1
323 493 42.180628 1
323 464 18.166818 1
324 377 18.492994 1
324 499 42.681355 1
324 325 31.663445 1
324 385 19.552342 1
325 393 338.516663 1
325 377 39.850034 1
325 448 42.574086 1
326 369 44.214549 1
326 354 12.148902 1
326 403 42.835978 1
326 381 40.240653 1
326 482 40.341549 1
327 486 33.816559 1
327 398 20.855896 1
327 463 24.233605 1
327 340 42.743279 1
327 439 40.348456 1
327 346 21.233479 1
327 382 36.081717 1
328 387 38.660924 1
328 420 42.124019 1
329 386 32.027310 1
329 419 28.647039 1
329 441 19.920330 1
329 360 30.721088 1
329 394 15.483517 1
329 491 21.796009 1
329 377 211.263731 1
330 417 16.492408 1
330 483 44.146957 1
330 492 19.975283 1
330 500 19.370525 1
330 473 16.785156 1
330 414 38.143874 1
331 396 28.076051 1
331 470 16.591996 1
331 399 42.770193 1
331 464 129.509643 1
332 473 273.982564 1
332 466 32.201517 1
332 444 28.780794 1
332 445 25.182167 1
332 367 38.739822 1
333 490 26.259898 1
334 484 299.561724 1
334 421 17.633151 1
334 372 27.580367 1
334 343 38.464549 1
334 473 39.972619 1
334 414 39.259998 1
335 442 334.483835 1
335 427 11.674388 1
335 495 10.627773 1
335 384 22.004306 1
336 353 3.326312 1
336 419 28.512028 1
336 491 31.072542 1
336 360 42.237921 1
337 419 407.080381 1
337 388 39.182602 1
337 423 21.771009 1
337 383 10.354735 1
337 384 27.492707 1
338 435 25.258838 1
338 379 14.142263 1
338 400 32.561153 1
339 402 39.956857 1
339 467 29.056762 1
339 365 34.628751 1
340 346 30.913739 1
340 463 30.662686 1
340 431 367.553751 1
341 477 32.193691 1
341 398 451.060410 1
342 435 35.862275 1
342 430 29.771219 1
342 352 16.950798 1
343 421 43.797318 1
343 384 216.997766 1
344 474 9.870882 1
344 429 34.093407 1
344 476 13.375639 1
344 413 25.781583 1
344 462 43.526254 1
345 453 20.748849 1
345 390 13.862186 1
345 487 42.247256 1
345 489 42.369025 1
345 431 34.802241 1
345 496 29.330224 1
345 497 18.557186 1
345 473 258.496817 1
346 450 84.531296 1
346 398 41.996881 1
346 463 3.050388 1
347 457 359.656515 1
347 472 11.614541 1
348 395 35.146306 1
348 407 21.448811 1
348 391 25.243885 1
349 367 7.993071 1
350 488 42.696554 1
350 392 42.365199 1
350 362 35.463148 1
350 471 29.097983 1
350 378 18.152127 1
350 447 8.870829 1
351 498 44.636057 1
351 380 252.151586 1
352 369 39.879422 1
352 435 43.051915 1
352 381 43.855080 1
352 406 448.473818 1
352 430 12.822463 1
353 419 28.823691 1
353 491 33.063250 1
353 360 41.801736 1
354 369 41.009028 1
354 482 40.311317 1
354 403 42.899166 1
354 381 37.424943 1
355 426 381.005746 1
355 402 40.431320 1
355 446 35.319586 1
356 419 35.022606 1
356 357 33.412374 1
356 360 26.198383 1
356 462 26.328379 1
356 404 43.989896 1
356 441 42.742944 1
356 413 43.536109 1
357 386 31.740130 1
357 358 40.264995 1
357 359 39.591746 1
357 360 37.283567 1
357 394 44.414679 1
357 397 217.921964 1
357 429 25.633128 1
357 462 38.854060 1
357 441 39.153339 1
357 413 43.713971 1
358 386 35.327690 1
358 429 43.462772 1
358 359 0.885302 1
358 368 29.467623 1
359 386 34.453662 1
359 429 43.249253 1
359 368 30.166929 1
360 419 15.478768 1
360 386 29.138789 1
360 394 23.893363 1
360 491 29.413597 1
360 441 18.973521 1
361 455 26.432489 1
361 456 31.573893 1
361 391 33.753686 1
361 392 289.702069 1
361 395 32.048824 1
361 464 32.943423 1
361 407 37.868249 1
362 378 17.677930 1
362 471 33.254146 1
362 428 41.534796 1
362 414 243.989437 1
362 447 44.212148 1
363 406 1.782120 1
364 481 14.324301 1
364 423 38.971485 1
365 465 219.190186 1
365 370 41.399340 1
365 467 6.483812 1
365 442 29.125425 1
366 385 341.947349 1
366 436 19.320228 1
366 401 19.800019 1
366 471 34.374484 1
366 488 30.133731 1
368 429 41.505058 1
368 380 41.316760 1
368 493 214.963535 1
369 482 11.172712 1
369 403 11.599345 1
369 381 4.049567 1
369 430 29.075654 1
370 442 36.058143 1
371 443 24.116646 1
371 444 34.333173 1
371 453 30.536171 1
371 487 4.588769 1
372 434 18.254775 1
372 421 10.541551 1
372 380 39.625480 1
372 412 31.859116 1
372 440 40.832444 1
373 449 11.388595 1
373 483 43.438236 1
373 396 35.157122 1
373 479 21.308391 1
374 451 26.665268 1
374 469 21.215847 1
374 477 95.133907 1
375 493 39.862484 1
375 445 444.688907 1
375 485 21.389697 1
376 418 18.847621 1
376 459 39.648783 1
376 397 5.482903 1
376 424 21.269972 1
377 385 17.364533 1
377 499 27.517994 1
378 428 42.517328 1
378 471 28.291981 1
378 447 26.705760 1
378 392 38.476075 1
379 435 37.647079 1
379 400 20.796395 1
380 421 42.210870 1
380 478 40.660225 1
381 482 9.259499 1
381 483 271.849757 1
381 430 32.837914 1
381 403 10.550891 1
382 486 38.157320 1
382 398 24.495450 1
382 439 27.342442 1
383 465 168.034822 1
383 388 37.639343 1
383 423 16.493347 1
383 384 37.745308 1
384 427 27.740721 1
384 423 43.549455 1
384 495 31.925790 1
385 451 432.893039 1
385 499 26.828132 1
386 441 14.586631 1
386 394 16.675337 1
386 419 41.166847 1
387 457 30.382981 1
387 389 13.968387 1
387 438 146.753103 1
388 452 39.662313 1
388 487 228.363374 1
389 457 17.298850 1
389 459 35.221373 1
389 440 123.980249 1
390 453 28.116329 1
390 487 41.718406 1
390 489 28.772814 1
390 431 21.180134 1
390 496 18.644010 1
390 497 32.417764 1
391 393 37.096181 1
391 395 29.383072 1
391 407 4.248627 1
391 456 25.956976 1
392 411 44.555870 1
392 428 22.841806 1
392 437 41.744730 1
392 447 44.186109 1
392 452 43.558659 1
393 493 28.354427 1
393 407 38.789292 1
393 456 16.474447 1
394 441 5.989491 1
394 419 30.074607 1
394 491 31.706075 1
395 407 30.699738 1
396 449 38.957881 1
396 470 43.701375 1
396 479 40.262845 1
397 425 42.325858 1
397 418 20.635893 1
397 424 15.818349 1
398 426 380.189560 1
398 486 17.365290 1
398 439 19.494270 1
399 470 35.303994 1
399 454 15.716246 1
399 415 12.715421 1
400 405 39.789708 1
401 436 32.864617 1
401 445 297.505812 1
401 471 18.024535 1
401 488 12.806343 1
403 482 2.588522 1
403 430 38.495574 1
404 413 37.771698 1
404 462 28.649130 1
405 486 270.701583 1
407 456 29.024495 1
408 499 24.707912 1
409 484 317.685793 1
409 480 9.267006 1
409 432 30.719596 1
409 433 37.645886 1
409 478 30.414820 1
409 448 40.338490 1
410 475 20.280086 1
410 494 23.396444 1
411 450 10.039439 1
411 428 42.282871 1
411 437 40.938040 1
411 486 33.562194 1
411 439 33.053918 1
412 425 28.436290 1
412 434 15.464814 1
412 421 41.363350 1
412 440 12.327354 1
413 474 19.209339 1
413 475 323.052520 1
413 476 14.969701 1
413 429 39.888045 1
413 462 18.701537 1
414 417 34.718738 1
414 483 29.748748 1
414 492 40.472755 1
414 500 36.349403 1
414 473 24.266833 1
414 479 44.067364 1
415 493 41.205223 1
415 454 9.717129 1
416 461 26.575643 1
416 422 8.547008 1
417 473 23.903039 1
417 483 29.830320 1
417 492 6.225600 1
417 500 3.181429 1
418 425 37.789267 1
418 459 34.436870 1
418 424 32.195873 1
419 441 27.684653 1
419 491 16.747788 1
420 461 39.109902 1
421 434 28.651712 1
422 461 19.434677 1
423 481 31.136890 1
424 425 37.146824 1
424 465 38.086807 1
425 434 38.478560 1
425 429 162.058774 1
425 440 37.786720 1
426 458 19.800834 1
426 468 23.672326 1
427 495 9.054943 1
428 439 37.328648 1
429 474 40.170059 1
429 476 40.354871 1
430 482 39.221009 1
431 489 7.592712 1
431 453 43.118872 1
431 494 42.607891 1
431 487 44.637041 1
431 496 21.621715 1
432 448 37.216662 1
432 480 22.007539 1
432 478 41.244022 1
432 440 39.393786 1
433 478 13.540100 1
433 480 38.389836 1
434 440 22.661285 1
435 488 132.378825 1
436 471 39.677994 1
436 480 286.324238 1
437 450 44.505200 1
437 452 11.592497 1
438 465 14.540710 1
439 450 37.562979 1
439 467 506.004883 1
439 486 17.054728 1
441 491 32.517497 1
442 467 33.665058 1
442 444 212.722922 1
443 466 44.592368 1
443 487 28.543983 1
444 466 40.754551 1
444 468 42.094257 1
444 445 37.401920 1
444 487 34.642774 1
445 466 7.270906 1
447 471 35.414281 1
448 480 39.491277 1
449 483 32.767643 1
449 479 10.581646 1
450 486 33.230275 1
453 497 23.138679 1
453 468 31.060816 1
453 479 294.167591 1
453 487 26.006821 1
454 470 44.460666 1
455 464 10.502053 1
456 493 36.518410 1
457 459 33.735595 1
457 460 34.333989 1
458 468 43.189127 1
459 460 44.475454 1
461 497 307.816843 1
462 474 37.873724 1
462 476 33.669971 1
468 497 35.789397 1
468 487 43.899251 1
471 488 23.076857 1
473 483 40.904544 1
473 492 29.830173 1
473 500 26.960153 1
474 476 4.407702 1
475 494 27.706460 1
475 496 38.559703 1
478 480 28.298779 1
479 483 22.234722 1
483 492 31.656884 1
483 500 28.597751 1
485 493 29.053007 1
489 500 242.419749 1
489 494 39.069330 1
489 496 26.982648 1
492 500 4.155729 1
494 496 40.865400 1
497 498 30.124988 1
200
89 391
391 386
386 190
190 56
56 18
18 265
265 140
140 219
219 292
292 257
257 83
83 361
361 370
370 414
414 387
387 236
236 369
369 254
254 75
77 296
296 446
446 200
429 321
78 85
100 195
195 43
43 73
428 17
17 269
269 305
267 198
135 216
216 206
206 390
390 260
260 356
356 274
274 161
161 491
491 50
50 68
68 381
231 323
323 276
276 240
240 30
30 281
281 179
179 177
177 478
478 224
224 199
199 162
208 127
127 490
490 261
261 215
215 157
157 350
350 382
382 156
156 181
417 457
330 117
117 80
80 304
115 53
53 69
69 406
406 378
378 196
126 67
67 418
418 366
366 62
62 399
399 229
229 462
462 396
396 472
472 313
313 149
36 152
90 37
37 212
212 499
499 443
443 411
411 358
358 355
238 187
72 64
5 333
333 300
300 61
61 455
455 415
415 185
185 409
159 40
343 319
319 25
25 262
421 143
143 222
222 487
487 263
263 97
97 202
202 173
9 4
4 91
91 377
360 395
402 1
476 34
118 81
405 447
11 167
167 367
367 340
273 494
494 44
44 210
332 297
398 220
220 2
2 141
141 22
22 230
230 154
154 329
329 294
294 49
302 194
194 295
295 357
471 234
234 479
479 16
373 334
334 282
282 201
201 113
113 320
320 237
237 92
129 308
468 48
311 349
249 59
59 63
63 460
460 235
235 341
341 228
228 481
286 223
223 477
477 27
7 433
433 393
393 138
441 498
498 122
122 434
288 344
344 351
351 151
151 345
345 33
33 158
158 489
489 309
309 347
347 362
362 42
42 458
458 26
474 372
372 166
166 15
484 419
419 165
165 51
51 232
232 306
12 312
312 133
133 24
485 497
314 291
291 82
82 264
175 495
495 134
134 207
14 186
186 31
31 413
6
1
13
499