./Instances/time_plots/instances/i160-232_sft.stp
0 1 0.0362374 6633
0 2 0.0629767 6633
0 3 0.0904324 6633
0 4 0.139731 6621
0 5 0.165253 6621
0 6 0.173225 6621
0 7 0.198064 6621
0 8 0.236457 6621
0 9 0.277564 6621
0 10 0.318289 6621
0 11 0.326031 6621
0 12 0.369369 6621
0 13 0.395947 6621
0 14 0.419718 6613
0 15 0.448828 6613
0 16 0.464924 6613
0 17 0.501572 6613
0 18 0.541804 6613
0 19 0.559329 6613
0 20 0.600312 6613
0 21 0.617428 6613
0 22 0.643418 6613
0 23 0.658123 6613
0 24 0.70199 6613
0 25 0.727036 6613
0 26 0.749049 6613
0 27 0.7826 6613
0 28 0.804706 6613
0 29 0.81355 6613
0 30 0.825134 6613
0 31 0.860887 6613
0 32 0.906466 6613
0 33 0.954196 6613
0 34 0.982896 6613
0 35 0.99792 6613
0 36 1.02862 6613
0 37 1.07351 6613
0 38 1.09043 6613
0 39 1.13095 6613
0 40 1.15902 6613
0 41 1.18833 6613
0 42 1.2266 6613
0 43 1.24911 6613
0 44 1.26393 6613
0 45 1.27412 6613
0 46 1.31026 6613
0 47 1.3525 6613
0 48 1.36819 6542
0 49 1.40083 6542
0 50 1.46185 6542
0 51 1.50589 6542
0 52 1.54718 6542
0 53 1.57957 6542
0 54 1.60641 6542
0 55 1.64059 6542
0 56 1.68167 6542
0 57 1.69288 6542
0 58 1.72856 6542
0 59 1.75144 6542
0 60 1.77414 6542
0 61 1.78198 6542
0 62 1.79109 6542
0 63 1.83426 6542
0 64 1.85818 6542
0 65 1.87446 6542
0 66 1.89173 6542
0 67 1.92154 6542
0 68 1.97168 6542
0 69 2.01467 6542
0 70 2.02986 6542
0 71 2.05641 6542
0 72 2.08135 6542
0 73 2.09777 6542
0 74 2.10696 6542
0 75 2.14734 6542
0 76 2.18987 6542
0 77 2.2136 6542
0 78 2.232 6542
0 79 2.24809 6542
0 80 2.26936 6542
0 81 2.31119 6542
0 82 2.33673 6542
0 83 2.3848 6542
0 84 2.39563 6542
0 85 2.43402 6542
0 86 2.4578 6542
0 87 2.51808 6542
0 88 2.54602 6542
0 89 2.58592 6542
0 90 2.60802 6542
0 91 2.63277 6542
0 92 2.64988 6542
0 93 2.67494 6542
0 94 2.68963 6542
0 95 2.69839 6542
0 96 2.73905 6542
0 97 2.74709 6542
0 98 2.78844 6542
0 99 2.80034 6542
0 100 2.84243 6542
0 101 2.84994 6542
0 102 2.86117 6542
0 103 2.87001 6542
0 104 2.90106 6542
0 105 2.9269 6542
0 106 2.97024 6542
0 107 2.98599 6542
0 108 3.02754 6542
0 109 3.04426 6542
0 110 3.08792 6542
0 111 3.11418 6542
0 112 3.13859 6542
0 113 3.1578 6542
0 114 3.17434 6542
0 115 3.20118 6542
0 116 3.21541 6542
0 117 3.23577 6542
0 118 3.26198 6542
0 119 3.27717 6542
0 120 3.28751 6542
0 121 3.30697 6542
0 122 3.32161 6542
0 123 3.3378 6542
0 124 3.35606 6542
0 125 3.38369 6542
0 126 3.40122 6542
0 127 3.44442 6542
0 128 3.48083 6542
0 129 3.48982 6542
0 130 3.50056 6542
0 131 3.52171 6542
0 132 3.56749 6542
0 133 3.57823 6542
0 134 3.60001 6542
0 135 3.62511 6542
0 136 3.66429 6542
0 137 3.68371 6542
0 138 3.72102 6542
0 139 3.76332 6542
0 140 3.78576 6542
0 141 3.79561 6542
0 142 3.81448 6542
0 143 3.83598 6542
0 144 3.86128 6542
0 145 3.87618 6542
0 146 3.90051 6542
0 147 3.92562 6542
0 148 3.94349 6542
0 149 3.95306 6542
0 150 3.99683 6542
0 151 4.01247 6542
0 152 4.02981 6542
0 153 4.04837 6542
0 154 4.0938 6542
0 155 4.12864 6542
0 156 4.1471 6542
0 157 4.16785 6542
0 158 4.17548 6542
0 159 4.21328 6542
0 160 4.23589 6542
0 161 4.24942 6542
0 162 4.27992 6542
0 163 4.33622 6542
0 164 4.38113 6542
0 165 4.39905 6542
0 166 4.43661 6542
0 167 4.44671 6542
0 168 4.46193 6542
0 169 4.49292 6542
0 170 4.53374 6542
0 171 4.54898 6542
0 172 4.56789 6542
0 173 4.59587 6542
0 174 4.61114 6542
0 175 4.64033 6542
0 176 4.65869 6542
0 177 4.67121 6542
0 178 4.68732 6542
0 179 4.70719 6542
0 180 4.73095 6542
0 181 4.75642 6542
0 182 4.7808 6542
0 183 4.79961 6542
0 184 4.80923 6542
0 185 4.85472 6542
0 186 4.87913 6542
0 187 4.89797 6542
0 188 4.92599 6542
0 189 4.95085 6542
0 190 4.96811 6542
0 191 4.98777 6542
0 192 5.01531 6542
0 193 5.03228 6542
0 194 5.08343 6542
0 195 5.10835 6542
0 196 5.11822 6542
0 197 5.12911 6542
0 198 5.14843 6542
0 199 5.16015 6542
0 200 5.19496 6542
./Instances/time_plots/instances/i320-313_sft.stp
0 1 0.579138 18413
0 2 1.13671 18391
0 3 1.38407 18391
0 4 1.89836 18391
0 5 2.44695 18391
0 6 3.05822 18042
0 7 3.43481 18042
0 8 3.82941 18042
0 9 4.39645 18042
0 10 4.68785 18042
0 11 5.22657 18042
0 12 5.59658 18042
0 13 5.95567 18042
0 14 6.56966 18042
0 15 7.14038 18042
0 16 7.54416 18042
0 17 7.94983 18042
0 18 8.1542 18042
0 19 8.52271 18042
0 20 8.71994 18042
0 21 9.46511 18042
0 22 9.87178 18042
0 23 10.4083 18042
0 24 10.8856 18042
0 25 11.1532 18042
0 26 11.5184 18042
0 27 11.9523 18042
0 28 12.3572 18042
0 29 13.081 18042
0 30 13.3907 18042
0 31 13.8385 18042
0 32 14.2642 18042
0 33 14.5745 18042
0 34 14.7405 18042
0 35 14.9077 18042
0 36 15.1895 18042
0 37 15.5466 18042
0 38 15.8378 18042
0 39 16.2842 18042
0 40 17.169 18042
0 41 17.4232 18042
0 42 17.741 18042
0 43 18.1408 18042
0 44 18.2985 18042
0 45 18.816 18042
0 46 19.1141 18042
0 47 19.3035 18042
0 48 19.508 18042
0 49 19.7746 18042
0 50 20.3032 18042
0 51 20.6377 18042
0 52 21.1023 18042
0 53 21.445 18042
0 54 21.6169 18042
0 55 21.9796 18042
0 56 22.2728 18042
0 57 22.5317 18042
0 58 22.8085 18042
0 59 23.104 18042
0 60 23.4085 18042
0 61 23.8392 18042
0 62 24.3337 18042
0 63 24.8208 18042
0 64 25.1602 18042
0 65 25.8581 18042
0 66 26.841 18042
0 67 27.144 18042
0 68 27.6559 18042
0 69 28.1011 18042
0 70 28.681 18042
0 71 29.0432 18042
0 72 29.3877 18042
0 73 29.6171 18042
0 74 30.0028 18042
0 75 30.4723 18042
0 76 30.9004 18042
0 77 31.1825 18042
0 78 31.5475 18042
0 79 31.8833 18042
0 80 32.2549 18042
0 81 32.4127 18042
0 82 32.664 18042
0 83 32.9403 18042
0 84 33.3046 18042
0 85 33.6341 18042
0 86 34.0217 18042
0 87 34.3065 18042
0 88 34.8499 18042
0 89 35.0911 18042
0 90 35.2 18042
0 91 35.4277 18042
0 92 35.9525 18042
0 93 36.1381 18042
0 94 36.4221 18042
0 95 36.7209 18042
0 96 37.1067 18042
0 97 37.4832 18042
0 98 37.8389 18042
0 99 38.4117 18042
0 100 39.0924 18042
0 101 39.5077 18042
0 102 39.7463 18042
0 103 40.055 18042
0 104 40.2541 18042
0 105 40.3559 18042
0 106 40.6153 18042
0 107 41.145 18042
0 108 41.6449 18042
0 109 41.8765 18042
0 110 42.4031 18042
0 111 43.0026 18042
0 112 43.5262 18042
0 113 44.0289 18042
0 114 44.5378 18042
0 115 44.6825 18042
0 116 45.0011 18042
0 117 45.3647 18042
0 118 45.8175 18042
0 119 46.2612 18042
0 120 46.7179 18042
0 121 47.1114 18042
0 122 47.6807 18042
0 123 47.9604 18042
0 124 48.3205 18042
0 125 48.6904 18042
0 126 48.8492 18042
0 127 49.2802 18042
0 128 49.6812 18042
0 129 50.1729 18042
0 130 50.5521 18042
0 131 50.7937 18042
0 132 51.1644 18042
0 133 51.7396 18042
0 134 51.8437 18042
0 135 52.4402 18042
0 136 52.7634 18042
0 137 53.244 18042
0 138 53.3737 18042
0 139 54.1098 18042
0 140 54.5164 18042
0 141 55.1498 18042
0 142 55.4559 18042
0 143 55.8309 18042
0 144 55.9928 18042
0 145 56.3661 18042
0 146 56.7544 18042
0 147 56.9504 18042
0 148 57.2555 18042
0 149 57.5501 18042
0 150 57.9766 18042
0 151 58.4231 18042
0 152 58.6414 18042
0 153 58.806 18042
0 154 59.1871 18042
0 155 59.4138 18042
0 156 59.8722 18042
0 157 60.3108 18042
0 158 60.6116 18042
0 159 61.2628 18042
0 160 61.5567 18042
0 161 62.1794 18042
0 162 62.4936 18042
0 163 62.7858 18042
0 164 63.3313 18042
0 165 63.8401 18042
0 166 64.1773 18042
0 167 64.5585 18042
0 168 64.9821 18042
0 169 65.2518 18042
0 170 65.6661 18042
0 171 65.9493 18042
0 172 66.2312 18042
0 173 66.4629 18042
0 174 66.7916 18042
0 175 67.3227 18042
0 176 67.7703 18042
0 177 68.033 18042
0 178 68.4187 18042
0 179 68.7337 18042
0 180 69.1515 18042
0 181 69.5001 18042
0 182 69.8114 18042
0 183 70.402 18042
0 184 70.9079 18042
0 185 71.3773 18042
0 186 71.5784 18042
0 187 71.8393 18042
0 188 72.1575 18042
0 189 72.434 18042
0 190 72.9689 18042
0 191 73.4253 18042
0 192 73.9378 18042
0 193 74.32 18042
0 194 74.7252 18042
0 195 75.0299 18042
0 196 75.4429 18042
0 197 75.6643 18042
0 198 76.1562 18042
0 199 76.5587 18042
0 200 76.7715 18042
./Instances/time_plots/instances/i320-333_sft.stp
0 1 0.786722 21694
0 2 1.38871 21694
0 3 1.88643 21570
0 4 2.61333 21570
0 5 3.22114 21388
0 6 3.55524 21388
0 7 4.39967 21388
0 8 5.4152 21288
0 9 6.40444 21288
0 10 7.16746 21288
0 11 8.37189 21288
0 12 9.58107 21288
0 13 10.8517 21288
0 14 11.454 21288
0 15 12.518 21288
0 16 13.353 21288
0 17 14.1101 21288
0 18 15.3033 21288
0 19 16.2951 21288
0 20 17.4268 21288
0 21 18.2537 21288
0 22 19.3572 21288
0 23 20.8773 21094
0 24 21.685 21094
0 25 22.8032 21094
0 26 23.6582 21094
0 27 24.2931 21094
0 28 24.7653 21094
0 29 25.8077 21094
0 30 26.7762 21094
0 31 27.6361 21094
0 32 28.3524 21094
0 33 28.9989 21094
0 34 29.556 21094
0 35 30.9137 21094
0 36 31.7636 21094
0 37 32.8782 21094
0 38 33.9611 21094
0 39 34.8651 21094
0 40 35.5973 21094
0 41 36.3963 21094
0 42 37.5668 21094
0 43 38.4137 21094
0 44 39.1415 21094
0 45 40.1318 21094
0 46 41.1269 21094
0 47 41.6701 21094
0 48 42.6706 21094
0 49 43.3891 21094
0 50 44.5475 21094
0 51 44.9395 21094
0 52 46.0497 21094
0 53 47.2263 21094
0 54 48.1769 21094
0 55 49.3029 21094
0 56 50.3113 21094
0 57 51.7489 21094
0 58 52.93 21094
0 59 54.0892 21094
0 60 54.7903 21094
0 61 55.2837 21094
0 62 56.1086 21094
0 63 57.3173 21094
0 64 58.3238 21094
0 65 59.0479 21094
0 66 60.0358 21094
0 67 60.972 21094
0 68 61.6805 21094
0 69 62.8306 21094
0 70 63.8503 21094
0 71 64.5142 21094
0 72 65.6744 21094
0 73 66.2308 21094
0 74 67.319 21094
0 75 68.5426 21094
0 76 69.4197 21094
0 77 70.768 21094
0 78 71.7769 21094
0 79 73.0644 21094
0 80 74.1465 21094
0 81 75.3111 21094
0 82 76.1581 21094
0 83 77.1786 21094
0 84 78.1729 21094
0 85 79.2061 21094
0 86 79.8919 21094
0 87 80.7308 21094
0 88 81.65 21094
0 89 83.1867 21094
0 90 84.6904 21094
0 91 85.484 21094
0 92 86.5517 21094
0 93 87.5576 21094
0 94 88.7752 21094
0 95 89.5209 21094
0 96 90.3116 21094
0 97 91.2432 21094
0 98 92.3907 21094
0 99 92.9562 21094
0 100 93.4663 21094
0 101 94.8785 21094
0 102 95.7555 21094
0 103 96.5272 21094
0 104 97.319 21094
0 105 98.0465 21094
0 106 99.0908 21094
0 107 100.242 21094
0 108 101.475 21094
0 109 102.624 21094
0 110 103.149 21094
0 111 103.943 21094
0 112 104.938 21094
0 113 105.653 21094
0 114 106.83 21094
0 115 108.144 21094
0 116 109.277 21094
0 117 110.386 21094
0 118 111.579 21094
0 119 112.888 21094
0 120 114.195 21094
0 121 115.066 21094
0 122 115.843 21094
0 123 116.671 21094
0 124 118.407 21094
0 125 119.55 21094
0 126 120.623 21094
0 127 121.979 21094
0 128 122.838 21094
0 129 123.459 21094
0 130 124.314 21094
0 131 125.526 21094
0 132 126.385 21094
0 133 127.447 21094
0 134 128.396 21094
0 135 129.128 21094
0 136 129.805 21094
0 137 130.785 21094
0 138 131.904 21094
0 139 132.862 21094
0 140 133.547 21094
0 141 134.948 21094
0 142 135.847 21094
0 143 136.466 21094
0 144 137.014 21094
0 145 138.617 21094
0 146 139.313 21094
0 147 140.216 21094
0 148 141.498 21094
0 149 142.347 21094
0 150 142.965 21094
0 151 143.84 21094
0 152 144.739 21094
0 153 145.637 21094
0 154 146.508 21094
0 155 147.141 21094
0 156 148.125 21094
0 157 149.589 21094
0 158 150.647 21094
0 159 151.542 21094
0 160 152.457 21094
0 161 153.462 21094
0 162 154.613 21094
0 163 155.555 21094
0 164 156.504 21094
0 165 157.101 21094
0 166 158.156 21094
0 167 159.196 21094
0 168 160.249 21094
0 169 161.116 21094
0 170 162.296 21094
0 171 163.032 21094
0 172 163.821 21094
0 173 164.782 21094
0 174 165.765 21094
0 175 166.837 21094
0 176 167.777 21094
0 177 169.157 21094
0 178 169.944 21094
0 179 170.756 21094
0 180 171.711 21094
0 181 172.643 21094
0 182 173.393 21094
0 183 174.618 21094
0 184 175.692 21094
0 185 176.838 21094
0 186 177.835 21094
0 187 179.088 21094
0 188 180.011 21094
0 189 180.918 21094
0 190 182.019 21094
0 191 182.769 21094
0 192 183.608 21094
0 193 184.624 21094
0 194 185.795 21094
0 195 186.809 21094
0 196 188.135 21094
0 197 189.246 21094
0 198 190.145 21094
0 199 191.015 21094
0 200 192.039 21094
./Instances/time_plots/instances/i640-311_sft.stp
0 1 12.9143 37108
0 2 22.9426 37108
0 3 36.2691 37108
0 4 46.6766 37108
0 5 56.8494 37108
0 6 63.722 37108
0 7 75.691 37108
0 8 84.6397 37108
0 9 92.9422 37108
0 10 100.413 37108
0 11 113.623 37108
0 12 125.87 37108
0 13 136.183 37108
0 14 144.206 37108
0 15 149.446 37108
0 16 155.646 37108
0 17 160.463 37108
0 18 173.016 37108
0 19 190.556 37108
0 20 205.158 37051
0 21 220.589 37051
0 22 231.27 37051
0 23 237.931 37051
0 24 246.163 37051
0 25 260.67 37051
0 26 273.481 37051
0 27 285.351 37051
0 28 295.053 37051
0 29 306.556 37051
0 30 321.902 37051
0 31 335.442 37051
0 32 349.84 37051
0 33 371.145 37051
0 34 377.944 37051
0 35 389.666 37051
0 36 397.296 37051
0 37 403.683 37051
0 38 414.165 37051
0 39 427.993 37051
0 40 436.374 37051
0 41 446.588 37051
0 42 460.324 37051
0 43 472.25 37051
0 44 489.109 37051
0 45 498.093 37051
0 46 511.219 37051
0 47 518.989 37051
0 48 526.492 37051
0 49 540.168 36895
0 50 553.817 36895
0 51 563.175 36895
0 52 573.734 36895
0 53 580.263 36895
0 54 593.025 36895
0 55 604.375 36895
0 56 618.97 36895
0 57 628.559 36895
0 58 642.891 36895
0 59 660.002 36895
0 60 670.505 36895
0 61 677.015 36895
0 62 683.838 36895
0 63 689.297 36895
0 64 699.487 36895
0 65 706.119 36895
0 66 719.188 36895
0 67 732.003 36895
0 68 739.893 36895
0 69 745.196 36895
0 70 754.736 36895
0 71 764.324 36895
0 72 774.935 36895
0 73 781.469 36895
0 74 793.165 36895
0 75 801.355 36895
0 76 810.74 36895
0 77 823.207 36843
0 78 832.355 36843
0 79 843.015 36843
0 80 848.991 36843
0 81 864.826 36843
0 82 875.581 36843
0 83 889.425 36843
0 84 899.921 36843
0 85 914.451 36843
0 86 924.585 36843
0 87 935.031 36843
0 88 942.827 36843
0 89 952.605 36843
0 90 966.627 36843
0 91 974.471 36843
0 92 985.669 36843
0 93 992.969 36843
0 94 1002.49 36843
0 95 1014.29 36843
0 96 1023.99 36843
0 97 1031.45 36843
0 98 1037.56 36843
0 99 1048.94 36843
0 100 1055.63 36843
0 101 1070.6 36843
0 102 1084.55 36843
0 103 1094.16 36843
0 104 1097.96 36843
0 105 1110.46 36843
0 106 1125.47 36843
0 107 1131.62 36843
0 108 1140.78 36843
0 109 1151.13 36843
0 110 1160.25 36843
0 111 1167.11 36843
0 112 1178.37 36843
0 113 1188.01 36843
0 114 1198.32 36843
0 115 1208.89 36843
0 116 1213.7 36843
0 117 1229.25 36843
0 118 1237.49 36843
0 119 1250.34 36843
0 120 1258.71 36843
0 121 1269.19 36843
0 122 1278.75 36843
0 123 1286.99 36843
0 124 1303.92 36810
0 125 1310.94 36810
0 126 1317.17 36810
0 127 1331.81 36810
0 128 1341.52 36810
0 129 1347.35 36810
0 130 1360.18 36810
0 131 1368.8 36810
0 132 1372.1 36810
0 133 1382.36 36810
0 134 1386.66 36810
0 135 1399.32 36810
0 136 1403.21 36810
0 137 1413.11 36810
0 138 1421.74 36810
0 139 1435 36810
0 140 1447.72 36810
0 141 1456.38 36810
0 142 1472.65 36810
0 143 1480.55 36810
0 144 1495.46 36810
0 145 1509.18 36810
0 146 1515.09 36810
0 147 1530.27 36810
0 148 1538.31 36810
0 149 1546.09 36810
0 150 1555.64 36810
0 151 1564.1 36810
0 152 1576.83 36810
0 153 1584.71 36810
0 154 1592.88 36810
0 155 1600.35 36810
0 156 1611.62 36810
0 157 1620.16 36810
0 158 1631.79 36810
0 159 1638.53 36810
0 160 1648.01 36810
0 161 1657.5 36810
0 162 1670.36 36810
0 163 1678.94 36810
0 164 1684.44 36810
0 165 1695.38 36810
0 166 1707.41 36810
0 167 1718.46 36810
0 168 1727.91 36810
0 169 1734.17 36810
0 170 1745.89 36810
0 171 1756.86 36810
0 172 1763.65 36810
0 173 1771.46 36810
0 174 1786.38 36810
0 175 1794.64 36810
0 176 1807.49 36810
0 177 1817.76 36810
0 178 1823.08 36810
0 179 1830.11 36810
0 180 1844.13 36810
0 181 1855.63 36810
0 182 1869.94 36810
0 183 1873.79 36810
0 184 1883.53 36810
0 185 1898.86 36810
0 186 1904.51 36810
0 187 1911.98 36810
0 188 1925.42 36810
0 189 1935.07 36810
0 190 1946.96 36810
0 191 1953.79 36810
0 192 1964.14 36810
0 193 1973.79 36810
0 194 1988.11 36810
0 195 1994.78 36810
0 196 2004.79 36810
0 197 2026.65 36810
0 198 2032.8 36810
0 199 2049.09 36810
0 200 2059.11 36810
./Instances/time_plots/instances/i640-313_sft.stp
0 1 11.5568 36305
0 2 20.7938 36305
0 3 31.3683 36305
0 4 35.6856 36305
0 5 44.6256 36305
0 6 62.3762 36305
0 7 76.3446 36305
0 8 89.4296 36305
0 9 95.9403 36305
0 10 107.92 36305
0 11 115.62 36305
0 12 127.57 36305
0 13 143.141 36305
0 14 155.989 36305
0 15 170.376 36305
0 16 183.72 36305
0 17 197.948 36305
0 18 206.597 36305
0 19 225.092 36194
0 20 240.075 36194
0 21 257.187 36194
0 22 268.654 36194
0 23 279.504 36194
0 24 289.795 36194
0 25 302.413 36194
0 26 318.179 36194
0 27 322.45 36194
0 28 340.242 36194
0 29 349.151 36194
0 30 353.274 36194
0 31 360.019 36194
0 32 370.794 36194
0 33 382.75 36194
0 34 394.167 36194
0 35 399.353 36194
0 36 413.856 36194
0 37 425.081 36194
0 38 436.894 36194
0 39 440.067 36194
0 40 454.153 36194
0 41 470.65 36194
0 42 480.219 36194
0 43 490.269 36194
0 44 502.334 36194
0 45 510.02 36194
0 46 530.409 36194
0 47 543.907 36161
0 48 550.683 36161
0 49 562.491 36161
0 50 567.753 36161
0 51 576.526 36161
0 52 590.279 36161
0 53 603.057 36161
0 54 614.937 36161
0 55 630.287 36161
0 56 644.252 36161
0 57 653.45 36161
0 58 657.824 36161
0 59 670.756 36161
0 60 680.776 36161
0 61 692.779 36161
0 62 701.645 36161
0 63 707.419 36161
0 64 715.156 36161
0 65 727.718 36161
0 66 744.507 36161
0 67 758.907 36161
0 68 772.789 36161
0 69 786.255 36161
0 70 788.752 36161
0 71 797.925 36161
0 72 802.987 36161
0 73 810.891 36161
0 74 816.403 36161
0 75 832.244 36161
0 76 836.442 36161
0 77 854.328 36161
0 78 860.833 36161
0 79 874.113 36161
0 80 883.351 36161
0 81 893.531 36161
0 82 908.262 36161
0 83 914.631 36161
0 84 917.277 36161
0 85 931.764 36161
0 86 941.162 36161
0 87 947.458 36161
0 88 958.945 36161
0 89 971.584 36161
0 90 984.032 36161
0 91 1000.85 36161
0 92 1017.41 36161
0 93 1027.16 36161
0 94 1031.22 36161
0 95 1042.73 36161
0 96 1057.99 36161
0 97 1067.81 36161
0 98 1076.71 36161
0 99 1090.06 36161
0 100 1099.78 36161
0 101 1103.64 36161
0 102 1112.13 36161
0 103 1126.6 36161
0 104 1137.63 36161
0 105 1142.72 36161
0 106 1145.73 36161
0 107 1149.11 36161
0 108 1154.54 36161
0 109 1161.47 36161
0 110 1177.09 36161
0 111 1180.82 36161
0 112 1184.39 36161
0 113 1197.82 36161
0 114 1204.8 36161
0 115 1212.7 36161
0 116 1230.03 36161
0 117 1240.8 36161
0 118 1251.64 36161
0 119 1257.17 36161
0 120 1275.08 36161
0 121 1282.27 36161
0 122 1289.73 36161
0 123 1302.26 36161
0 124 1313.89 36161
0 125 1326.09 36161
0 126 1340.32 36161
0 127 1351.84 36161
0 128 1357.74 36161
0 129 1361.86 36161
0 130 1374.13 36161
0 131 1382.98 36161
0 132 1393.59 36161
0 133 1404.44 36161
0 134 1415.16 36161
0 135 1431.44 36161
0 136 1446.84 36161
0 137 1454 36161
0 138 1461.39 36161
0 139 1472.9 36161
0 140 1484.36 36161
0 141 1490.83 36161
0 142 1508.73 36161
0 143 1513.48 36161
0 144 1522.52 36161
0 145 1538.49 36161
0 146 1547.03 36161
0 147 1560.18 36161
0 148 1573.83 36161
0 149 1587.97 36161
0 150 1600.63 36161
0 151 1607.17 36161
0 152 1617.1 36161
0 153 1629.21 36161
0 154 1637.32 36161
0 155 1650.69 36161
0 156 1666.26 36161
0 157 1677.57 36161
0 158 1686.93 36161
0 159 1692.98 36161
0 160 1701.25 36161
0 161 1711.71 36161
0 162 1720.54 36161
0 163 1732.43 36161
0 164 1745.15 36161
0 165 1762.28 36161
0 166 1768.76 36161
0 167 1777.75 36161
0 168 1792.27 36161
0 169 1799.14 36161
0 170 1808.07 36161
0 171 1814.74 36161
0 172 1828.99 36161
0 173 1845.21 36161
0 174 1854.39 36161
0 175 1867.89 36161
0 176 1876.4 36161
0 177 1889.87 36161
0 178 1895.3 36161
0 179 1908.67 36161
0 180 1919 36161
0 181 1923.97 36161
0 182 1934.61 36161
0 183 1949.68 36161
0 184 1958.73 36161
0 185 1973.18 36161
0 186 1983.26 36161
0 187 1998.89 36161
0 188 2017.99 36161
0 189 2032.18 36161
0 190 2035.88 36161
0 191 2042.33 36161
0 192 2055.91 36161
0 193 2067.93 36161
0 194 2079.22 36161
0 195 2087.81 36161
0 196 2098.95 36161
0 197 2110.24 36161
0 198 2119.58 36161
0 199 2124.58 36161
0 200 2131.64 36161
./Instances/time_plots/instances/i640-314_sft.stp
0 1 13.9391 36512
0 2 27.9499 36327
0 3 36.7653 36327
0 4 53.2218 36327
0 5 73.4344 36327
0 6 79.7991 36327
0 7 89.8303 36327
0 8 106.354 36327
0 9 123.533 36327
0 10 131.017 36327
0 11 139.325 36327
0 12 146.478 36327
0 13 153.727 36327
0 14 170.136 36327
0 15 184.136 36327
0 16 196.65 36327
0 17 207.043 36327
0 18 220.617 36327
0 19 232.321 36327
0 20 241.903 36327
0 21 263.722 36327
0 22 271.857 36327
0 23 286.045 36327
0 24 296.712 36327
0 25 315.33 36327
0 26 320.338 36327
0 27 331.952 36327
0 28 341.488 36327
0 29 352.086 36327
0 30 369.086 36327
0 31 382.493 36327
0 32 393.044 36327
0 33 401.706 36327
0 34 415.704 36327
0 35 425.028 36327
0 36 434.452 36327
0 37 439.814 36327
0 38 452.738 36327
0 39 461.248 36327
0 40 469.265 36327
0 41 484.187 36327
0 42 503.384 36327
0 43 517.735 36327
0 44 528.276 36308
0 45 533.129 36308
0 46 547.821 36308
0 47 562.597 36308
0 48 571.104 36308
0 49 582.85 36308
0 50 599.543 36308
0 51 603.232 36308
0 52 617.89 36308
0 53 633.347 36308
0 54 639.975 36308
0 55 654.415 36308
0 56 663.07 36308
0 57 674.247 36308
0 58 688.515 36308
0 59 701.506 36308
0 60 713.24 36308
0 61 720.185 36308
0 62 732.712 36308
0 63 742.874 36308
0 64 760.914 36308
0 65 774.163 36238
0 66 781.682 36238
0 67 789.23 36238
0 68 805.847 36238
0 69 821.869 36238
0 70 833.416 36238
0 71 841.116 36238
0 72 852.802 36238
0 73 858.191 36238
0 74 870.456 36238
0 75 879.937 36238
0 76 888.374 36238
0 77 894.012 36238
0 78 904.584 36238
0 79 924.144 36238
0 80 937.203 36238
0 81 945.429 36238
0 82 954.414 36238
0 83 965.816 36238
0 84 982.39 36238
0 85 992.993 36238
0 86 999.459 36238
0 87 1011.36 36238
0 88 1022.19 36238
0 89 1036.22 36238
0 90 1050.62 36238
0 91 1068.65 36238
0 92 1082.08 36238
0 93 1092.31 36238
0 94 1105.69 36238
0 95 1112.61 36238
0 96 1128.57 36238
0 97 1136.64 36238
0 98 1155.46 36238
0 99 1166.9 36238
0 100 1178.79 36238
0 101 1186 36238
0 102 1199.49 36238
0 103 1206.75 36238
0 104 1220.43 36238
0 105 1232.25 36238
0 106 1243.73 36238
0 107 1257 36238
0 108 1263.65 36238
0 109 1269.59 36238
0 110 1274.89 36238
0 111 1285.56 36238
0 112 1296.4 36238
0 113 1306.4 36238
0 114 1319.38 36238
0 115 1335.77 36238
0 116 1346.74 36238
0 117 1358.48 36238
0 118 1378.25 36238
0 119 1390 36238
0 120 1403.37 36238
0 121 1417.14 36238
0 122 1433.53 36238
0 123 1443.84 36238
0 124 1459.97 36238
0 125 1472.28 36238
0 126 1485.93 36238
0 127 1497.74 36238
0 128 1501.34 36238
0 129 1516.97 36238
0 130 1525.59 36238
0 131 1535.33 36238
0 132 1549.74 36238
0 133 1555.6 36238
0 134 1568.21 36238
0 135 1575.6 36238
0 136 1582.73 36238
0 137 1594.69 36238
0 138 1600.18 36238
0 139 1616.57 36238
0 140 1628.26 36238
0 141 1641.04 36238
0 142 1652.38 36238
0 143 1658.51 36238
0 144 1666.25 36238
0 145 1675.01 36238
0 146 1683.45 36238
0 147 1693.45 36238
0 148 1705.39 36238
0 149 1713.47 36238
0 150 1727.91 36238
0 151 1735.81 36238
0 152 1751.02 36238
0 153 1766.11 36238
0 154 1782.08 36238
0 155 1794.82 36238
0 156 1808.72 36238
0 157 1822.64 36238
0 158 1828.29 36238
0 159 1842.04 36238
0 160 1852.76 36238
0 161 1867.56 36238
0 162 1875.95 36238
0 163 1882.37 36238
0 164 1894.14 36238
0 165 1906.91 36238
0 166 1923.21 36238
0 167 1937.24 36238
0 168 1949.6 36238
0 169 1968.01 36238
0 170 1982.05 36238
0 171 1990.02 36238
0 172 2002.66 36238
0 173 2007.92 36238
0 174 2021.59 36238
0 175 2029.05 36238
0 176 2045.67 36238
0 177 2054.74 36238
0 178 2063.79 36238
0 179 2069.25 36238
0 180 2087.63 36238
0 181 2102.93 36238
0 182 2114.41 36238
0 183 2126.75 36238
0 184 2143.25 36238
0 185 2155.53 36238
0 186 2160.97 36238
0 187 2173.42 36238
0 188 2190.94 36238
0 189 2197.12 36238
0 190 2205.69 36238
0 191 2219.32 36238
0 192 2229.68 36238
0 193 2237.4 36238
0 194 2251.08 36238
0 195 2265.46 36238
0 196 2284.16 36238
0 197 2293.5 36238
0 198 2303.19 36238
0 199 2312.33 36238
0 200 2327.22 36238
./Instances/time_plots/instances/i640-315_sft.stp
0 1 8.43775 37123
0 2 17.957 36678
0 3 30.9841 36678
0 4 45.6546 36678
0 5 60.536 36678
0 6 72.7757 36448
0 7 87.6132 36448
0 8 98.1101 36391
0 9 110.619 36391
0 10 125.171 36391
0 11 134.534 36391
0 12 148.469 36391
0 13 167.781 36391
0 14 176.976 36391
0 15 191.644 36308
0 16 206.684 36255
0 17 218.856 36255
0 18 234.203 36255
0 19 249.542 36255
0 20 257.341 36255
0 21 262.069 36255
0 22 270.62 36255
0 23 293.462 36255
0 24 311.038 36255
0 25 324.685 36255
0 26 339.97 36255
0 27 345.09 36255
0 28 361.549 36255
0 29 371.311 36255
0 30 381.93 36255
0 31 397.383 36255
0 32 410.204 36255
0 33 424.911 36255
0 34 446.253 36255
0 35 458.431 36255
0 36 471.902 36255
0 37 484.625 36255
0 38 498.827 36255
0 39 510.866 36255
0 40 525.151 36255
0 41 538.128 36255
0 42 551.275 36255
0 43 562.351 36255
0 44 568.94 36255
0 45 581.661 36255
0 46 593.673 36255
0 47 610.841 36255
0 48 623.258 36255
0 49 635.032 36255
0 50 641.998 36255
0 51 657.372 36129
0 52 671.413 36129
0 53 682.837 36129
0 54 703.669 36129
0 55 715.182 36129
0 56 733.13 36129
0 57 748.435 36129
0 58 760.617 36129
0 59 777.097 36129
0 60 787.054 36129
0 61 794.422 36129
0 62 810.206 36129
0 63 821.565 36129
0 64 840.213 36129
0 65 857.994 36129
0 66 867.715 36129
0 67 880.327 36129
0 68 896.962 36129
0 69 905.089 36129
0 70 917.693 36129
0 71 931.369 36129
0 72 944.037 36129
0 73 952.147 36129
0 74 967.976 36129
0 75 979.514 36129
0 76 988.8 36014
0 77 998.85 36014
0 78 1006.69 36014
0 79 1022.4 36014
0 80 1034.72 36014
0 81 1049.57 36014
0 82 1061.74 36014
0 83 1071.92 36014
0 84 1085.06 36014
0 85 1104.83 36014
0 86 1116.97 36014
0 87 1122.5 36014
0 88 1133.1 36014
0 89 1139.8 36014
0 90 1147.84 36014
0 91 1166.69 36014
0 92 1182.11 36014
0 93 1198.89 36014
0 94 1211.69 36014
0 95 1223.1 36014
0 96 1227.31 36014
0 97 1234.16 36014
0 98 1245.7 36014
0 99 1261.85 36014
0 100 1272.95 36014
0 101 1289.25 36014
0 102 1306.93 36014
0 103 1322.69 36014
0 104 1334.93 36014
0 105 1342.44 36014
0 106 1355.28 36014
0 107 1368.68 36014
0 108 1386.08 36014
0 109 1389.27 36014
0 110 1399.29 36014
0 111 1410.67 36014
0 112 1425.75 36014
0 113 1443.89 36014
0 114 1453.46 36014
0 115 1466.82 36014
0 116 1479.45 36014
0 117 1492.13 36014
0 118 1501.38 36014
0 119 1520.37 36014
0 120 1529.01 36014
0 121 1539.9 36014
0 122 1546.82 36014
0 123 1557.44 36014
0 124 1573.23 35942
0 125 1585.06 35942
0 126 1593.22 35942
0 127 1606.09 35942
0 128 1616.14 35942
0 129 1632.76 35942
0 130 1651.5 35942
0 131 1661.87 35942
0 132 1670.28 35942
0 133 1684.27 35942
0 134 1697.32 35942
0 135 1718.56 35942
0 136 1744.73 35942
0 137 1761.55 35942
0 138 1774.98 35942
0 139 1783.85 35942
0 140 1796.08 35942
0 141 1808.64 35942
0 142 1826.33 35942
0 143 1833.32 35942
0 144 1840.91 35942
0 145 1855.45 35942
0 146 1862.4 35942
0 147 1877.62 35942
0 148 1882.58 35942
0 149 1896.27 35942
0 150 1906.89 35942
0 151 1916.9 35942
0 152 1930.98 35942
0 153 1939.52 35942
0 154 1949.67 35942
0 155 1964.32 35942
0 156 1978.52 35942
0 157 1993.12 35942
0 158 2012.15 35942
0 159 2029.06 35942
0 160 2042.78 35942
0 161 2061.06 35942
0 162 2076.6 35942
0 163 2091.6 35942
0 164 2105.6 35942
0 165 2118.79 35942
0 166 2133.99 35942
0 167 2147.18 35942
0 168 2155.21 35942
0 169 2166.07 35942
0 170 2171.64 35942
0 171 2182.84 35942
0 172 2197.27 35942
0 173 2206.62 35942
0 174 2213.79 35942
0 175 2226.87 35942
0 176 2234.59 35942
0 177 2242.74 35942
0 178 2255.42 35942
0 179 2273.11 35942
0 180 2282.22 35942
0 181 2298.29 35942
0 182 2305.87 35942
0 183 2315.1 35942
0 184 2333.07 35942
0 185 2348.67 35942
0 186 2369.85 35942
0 187 2386.08 35942
0 188 2402.37 35942
0 189 2416.77 35942
0 190 2425.87 35942
0 191 2443.04 35942
0 192 2455.36 35942
0 193 2469.66 35942
0 194 2483.3 35942
0 195 2497.84 35942
0 196 2506.41 35942
0 197 2517.29 35942
0 198 2527.79 35942
0 199 2548.98 35942
0 200 2562.9 35942
./Instances/time_plots/instances/i640-331_sft.stp
0 1 16.0484 44016
0 2 33.4624 43708
0 3 47.6453 43708
0 4 60.784 43639
0 5 75.1844 43639
0 6 85.8975 43639
0 7 95.3372 43639
0 8 108.897 43457
0 9 118.52 43457
0 10 133.348 43457
0 11 147.875 43457
0 12 164.784 43457
0 13 180.055 43457
0 14 195.552 43457
0 15 211.091 43457
0 16 227.798 43457
0 17 240.133 43457
0 18 255.583 43457
0 19 267.364 43457
0 20 277.409 43457
0 21 290.475 43457
0 22 303.073 43457
0 23 312.278 43457
0 24 327.38 43457
0 25 341.241 43457
0 26 354.979 43457
0 27 366.721 43457
0 28 378.124 43457
0 29 394.355 43457
0 30 406.064 43422
0 31 417.467 43422
0 32 434.337 43422
0 33 447.282 43422
0 34 467.369 43422
0 35 485.8 43422
0 36 502.196 43422
0 37 513.721 43422
0 38 531.311 43422
0 39 545.064 43422
0 40 559.126 43422
0 41 574.442 43422
0 42 588.158 43422
0 43 596.72 43422
0 44 609.393 43422
0 45 623.747 43422
0 46 640.035 43422
0 47 652.648 43422
0 48 670.41 43422
0 49 684.445 43422
0 50 698.286 43422
0 51 711.226 43422
0 52 724.196 43422
0 53 741.307 43422
0 54 756.443 43422
0 55 773.983 43422
0 56 794.638 43422
0 57 808.262 43422
0 58 823.595 43422
0 59 838.186 43422
0 60 853.513 43422
0 61 867.261 43422
0 62 885.039 43422
0 63 899.046 43422
0 64 914.042 43422
0 65 923.928 43422
0 66 934.986 43422
0 67 946.699 43422
0 68 965.791 43422
0 69 975.923 43422
0 70 1000.82 43422
0 71 1013.34 43422
0 72 1027.57 43422
0 73 1043.83 43422
0 74 1053.19 43422
0 75 1073.69 43422
0 76 1088.85 43422
0 77 1105.91 43422
0 78 1123.05 43422
0 79 1133.21 43422
0 80 1147.66 43422
0 81 1160.16 43422
0 82 1172.57 43422
0 83 1184.55 43422
0 84 1199.55 43422
0 85 1215.03 43422
0 86 1232.08 43422
0 87 1242.61 43422
0 88 1257.86 43422
0 89 1272.56 43422
0 90 1281.68 43422
0 91 1295.03 43422
0 92 1313.72 43422
0 93 1329.5 43422
0 94 1342.26 43422
0 95 1358.02 43422
0 96 1368.01 43422
0 97 1382.74 43422
0 98 1398.27 43422
0 99 1410.4 43422
0 100 1419.57 43422
0 101 1428.64 43422
0 102 1444.79 43422
0 103 1459.43 43422
0 104 1480.46 43422
0 105 1493.35 43422
0 106 1505.55 43422
0 107 1524.36 43422
0 108 1535.99 43422
0 109 1549.52 43422
0 110 1570.41 43422
0 111 1583.33 43422
0 112 1597.14 43422
0 113 1607.52 43422
0 114 1621.39 43422
0 115 1636.54 43422
0 116 1651.51 43422
0 117 1665.07 43422
0 118 1678.79 43422
0 119 1693.77 43422
0 120 1709.53 43422
0 121 1722.95 43422
0 122 1740.92 43422
0 123 1762.15 43422
0 124 1778.16 43422
0 125 1789.85 43422
0 126 1806.16 43422
0 127 1820.06 43422
0 128 1832.49 43422
0 129 1844.75 43422
0 130 1863.24 43422
0 131 1880.64 43422
0 132 1897.32 43422
0 133 1910.37 43422
0 134 1924.03 43422
0 135 1938.01 43422
0 136 1944.21 43422
0 137 1957.95 43422
0 138 1969.26 43422
0 139 1982.52 43422
0 140 1996.9 43422
0 141 2008 43422
0 142 2028.9 43422
0 143 2039.99 43422
0 144 2049.04 43422
0 145 2068.92 43422
0 146 2084.61 43422
0 147 2099.59 43422
0 148 2119.75 43422
0 149 2129.41 43422
0 150 2144 43422
0 151 2157.29 43422
0 152 2168.81 43422
0 153 2185.06 43422
0 154 2204.75 43422
0 155 2221.75 43422
0 156 2233.83 43422
0 157 2244.62 43422
0 158 2258.89 43422
0 159 2269.42 43422
0 160 2288.75 43422
0 161 2298.4 43422
0 162 2307.18 43422
0 163 2319.38 43422
0 164 2339.15 43422
0 165 2354.02 43422
0 166 2364.74 43422
0 167 2378.62 43422
0 168 2390.17 43422
0 169 2409.12 43422
0 170 2424.2 43422
0 171 2433.68 43422
0 172 2446.08 43422
0 173 2463.69 43422
0 174 2474.71 43422
0 175 2498.7 43422
0 176 2508.7 43422
0 177 2531.13 43422
0 178 2545.84 43422
0 179 2558.45 43422
0 180 2575.48 43422
0 181 2588.08 43422
0 182 2601.06 43422
0 183 2614.52 43422
0 184 2631.49 43422
0 185 2644.27 43422
0 186 2653.93 43422
0 187 2669.46 43422
0 188 2688.29 43422
0 189 2707.76 43422
0 190 2720.71 43422
0 191 2733.82 43422
0 192 2746.68 43422
0 193 2762.04 43422
0 194 2773.12 43422
0 195 2788.33 43422
0 196 2803.68 43422
0 197 2813.85 43422
0 198 2822.11 43422
0 199 2834.22 43422
0 200 2847.59 43422
./Instances/time_plots/instances/i640-332_sft.stp
0 1 14.4448 43711
0 2 33.5527 43711
0 3 44.5231 43711
0 4 51.8635 43711
0 5 65.4222 43711
0 6 78.6287 43711
0 7 87.2512 43711
0 8 101.078 43711
0 9 112.575 43711
0 10 126.99 43711
0 11 138.093 43284
0 12 147.772 43284
0 13 157.305 43284
0 14 170.282 43284
0 15 180.134 43284
0 16 195.623 43284
0 17 206.96 43284
0 18 228.668 43284
0 19 238.142 43284
0 20 254.816 43284
0 21 264.782 43284
0 22 283.728 43284
0 23 294.527 43284
0 24 304.557 43284
0 25 316.294 43284
0 26 331.57 43284
0 27 346.885 43284
0 28 355.203 43284
0 29 374.867 43284
0 30 386.528 43284
0 31 396.354 43284
0 32 411.847 43284
0 33 423.488 43284
0 34 430.687 43284
0 35 444.286 43284
0 36 455.853 43284
0 37 462.625 43284
0 38 474.538 43284
0 39 492.472 43284
0 40 503.002 43284
0 41 515.392 43284
0 42 526.291 43284
0 43 543.731 43284
0 44 549.946 43284
0 45 561.013 43284
0 46 573.902 43284
0 47 581.332 43284
0 48 595.82 43284
0 49 603.897 43284
0 50 615.4 43284
0 51 638.9 43284
0 52 650.675 43284
0 53 673.004 43284
0 54 688.108 43284
0 55 696.775 43284
0 56 709.003 43284
0 57 720.868 43284
0 58 736.051 43284
0 59 749.988 43284
0 60 760.98 43284
0 61 774.281 43284
0 62 784.292 43284
0 63 801.814 43284
0 64 810.611 43284
0 65 831.374 43284
0 66 844.542 43284
0 67 854.241 43284
0 68 863.05 43284
0 69 872.635 43284
0 70 880.764 43284
0 71 891.075 43284
0 72 904.735 43284
0 73 915.165 43284
0 74 927.632 43284
0 75 941.572 43284
0 76 953.471 43284
0 77 964.902 43284
0 78 978.297 43284
0 79 994.314 43284
0 80 1002.11 43284
0 81 1023.93 43284
0 82 1040.31 43284
0 83 1056.24 43284
0 84 1068.72 43284
0 85 1082.43 43284
0 86 1092.02 43284
0 87 1110.96 43284
0 88 1122.95 43284
0 89 1134.17 43284
0 90 1154.15 43284
0 91 1163.13 43284
0 92 1174.62 43284
0 93 1189.55 43284
0 94 1203.88 43284
0 95 1214.33 43284
0 96 1229.63 43284
0 97 1238.79 43284
0 98 1258.01 43284
0 99 1269.55 43284
0 100 1284.35 43284
0 101 1298.54 43284
0 102 1309.22 43284
0 103 1320.71 43284
0 104 1333.87 43284
0 105 1348.41 43284
0 106 1361.27 43284
0 107 1374.03 43284
0 108 1381.73 43284
0 109 1396.15 43284
0 110 1402.73 43284
0 111 1413.35 43284
0 112 1425.14 43284
0 113 1440.41 43284
0 114 1456.46 43284
0 115 1471.83 43284
0 116 1488.3 43284
0 117 1496.01 43284
0 118 1508.17 43284
0 119 1522.28 43284
0 120 1537.77 43284
0 121 1548.54 43284
0 122 1560.01 43284
0 123 1568.14 43284
0 124 1588.76 43284
0 125 1604.49 43284
0 126 1613.54 43284
0 127 1629.59 43284
0 128 1649.92 43284
0 129 1661.03 43284
0 130 1673.88 43284
0 131 1688.9 43284
0 132 1700.81 43284
0 133 1711.68 43284
0 134 1724.07 43284
0 135 1742.01 43284
0 136 1766.72 43284
0 137 1782.44 43284
0 138 1795.03 43284
0 139 1807.61 43284
0 140 1815.73 43284
0 141 1826.79 43284
0 142 1842.61 43284
0 143 1853.54 43284
0 144 1862.84 43284
0 145 1876.53 43284
0 146 1891 43284
0 147 1901.15 43284
0 148 1919.78 43284
0 149 1936.31 43284
0 150 1949.55 43284
0 151 1963.01 43284
0 152 1980.52 43284
0 153 1992.49 43284
0 154 2001.37 43284
0 155 2017.51 43284
0 156 2030.93 43284
0 157 2044.19 43284
0 158 2054.77 43284
0 159 2067.75 43284
0 160 2083.79 43284
0 161 2100.5 43284
0 162 2117.13 43272
0 163 2132.03 43272
0 164 2141.59 43272
0 165 2151.9 43272
0 166 2166.53 43272
0 167 2176.9 43272
0 168 2191.11 43272
0 169 2200.07 43272
0 170 2212.94 43272
0 171 2223.24 43272
0 172 2236.63 43272
0 173 2251.01 43272
0 174 2262.35 43272
0 175 2279.84 43272
0 176 2293.42 43272
0 177 2302.38 43272
0 178 2315.02 43272
0 179 2326.64 43272
0 180 2343.43 43272
0 181 2355.84 43272
0 182 2365.77 43272
0 183 2374.73 43272
0 184 2389.26 43272
0 185 2402.36 43272
0 186 2418.94 43272
0 187 2428.81 43272
0 188 2443.68 43272
0 189 2457.01 43272
0 190 2472.16 43272
0 191 2485.37 43272
0 192 2503.72 43272
0 193 2516.83 43272
0 194 2526.94 43272
0 195 2543.59 43272
0 196 2563.22 43272
0 197 2579.68 43272
0 198 2590.93 43272
0 199 2603.43 43272
0 200 2613.2 43272
./Instances/time_plots/instances/i640-333_sft.stp
0 1 13.1093 43599
0 2 21.8267 43599
0 3 38.1427 43393
0 4 49.0088 43393
0 5 64.4543 43393
0 6 78.2835 43393
0 7 97.7518 43310
0 8 110.95 43310
0 9 124.712 43310
0 10 136.293 43310
0 11 147.155 43310
0 12 160.102 43310
0 13 170.121 43310
0 14 190.006 43310
0 15 204.503 43310
0 16 221.452 43310
0 17 235.764 43310
0 18 249.545 42983
0 19 263.214 42983
0 20 275.874 42983
0 21 287.152 42983
0 22 296.83 42983
0 23 306.714 42983
0 24 316.661 42983
0 25 329.068 42983
0 26 343.325 42983
0 27 354.947 42983
0 28 363.327 42983
0 29 376.246 42983
0 30 389.483 42983
0 31 401.571 42983
0 32 414.837 42983
0 33 428.361 42983
0 34 440.094 42983
0 35 449.561 42983
0 36 462.247 42983
0 37 478.015 42983
0 38 498.579 42983
0 39 505.333 42983
0 40 520.795 42983
0 41 531.728 42983
0 42 550.934 42983
0 43 565.123 42983
0 44 585.403 42983
0 45 595.717 42983
0 46 608.201 42983
0 47 622.148 42983
0 48 632.835 42983
0 49 649.337 42983
0 50 660.413 42983
0 51 668.018 42983
0 52 683.045 42983
0 53 696.51 42983
0 54 706.868 42983
0 55 727.209 42983
0 56 737.288 42983
0 57 755.864 42983
0 58 761.981 42983
0 59 778.086 42983
0 60 794.612 42983
0 61 805.654 42983
0 62 818.344 42983
0 63 828.871 42983
0 64 848.168 42972
0 65 862.264 42972
0 66 870.402 42972
0 67 882.616 42972
0 68 903.417 42972
0 69 924.901 42972
0 70 934.6 42972
0 71 951.667 42972
0 72 970.33 42972
0 73 984.364 42972
0 74 1002.78 42972
0 75 1019.41 42972
0 76 1043.81 42972
0 77 1056.26 42972
0 78 1065.53 42972
0 79 1077.16 42972
0 80 1088.75 42972
0 81 1100.85 42972
0 82 1112.89 42972
0 83 1120.98 42972
0 84 1132 42972
0 85 1146.03 42972
0 86 1159.33 42972
0 87 1172.95 42972
0 88 1191.58 42972
0 89 1201.76 42972
0 90 1216.24 42972
0 91 1230.14 42972
0 92 1241 42972
0 93 1265.92 42972
0 94 1275.34 42972
0 95 1293.85 42972
0 96 1311.33 42972
0 97 1320.93 42972
0 98 1336.12 42972
0 99 1348.11 42972
0 100 1361.76 42972
0 101 1377.22 42972
0 102 1387.66 42972
0 103 1398.65 42972
0 104 1411.89 42972
0 105 1424.06 42972
0 106 1442.72 42972
0 107 1453.92 42972
0 108 1462.32 42972
0 109 1474.59 42972
0 110 1487.33 42972
0 111 1496.93 42972
0 112 1518.62 42972
0 113 1530.98 42972
0 114 1553.45 42905
0 115 1563.28 42905
0 116 1579.4 42905
0 117 1591.44 42905
0 118 1600.71 42905
0 119 1617.89 42905
0 120 1628.7 42905
0 121 1641.1 42905
0 122 1654.84 42905
0 123 1672.27 42905
0 124 1681.15 42905
0 125 1697 42905
0 126 1715.39 42905
0 127 1736.02 42905
0 128 1751.58 42905
0 129 1768.41 42905
0 130 1781 42905
0 131 1794.09 42905
0 132 1813.97 42905
0 133 1819.2 42905
0 134 1830.04 42905
0 135 1844.28 42905
0 136 1858.56 42905
0 137 1876.4 42905
0 138 1889.54 42905
0 139 1899.93 42905
0 140 1915.02 42905
0 141 1931.62 42905
0 142 1942.37 42905
0 143 1958.5 42905
0 144 1973.59 42905
0 145 1991.09 42905
0 146 2002.17 42905
0 147 2011.15 42905
0 148 2026.63 42905
0 149 2036.11 42905
0 150 2046.68 42905
0 151 2059.76 42905
0 152 2071.84 42905
0 153 2086.16 42905
0 154 2098.16 42905
0 155 2108.45 42905
0 156 2122.62 42905
0 157 2140.96 42905
0 158 2147.09 42905
0 159 2157.61 42905
0 160 2178.84 42905
0 161 2189.42 42905
0 162 2210.8 42905
0 163 2224.6 42905
0 164 2238.28 42905
0 165 2257.13 42905
0 166 2274.71 42905
0 167 2291.48 42905
0 168 2310.39 42905
0 169 2321.44 42905
0 170 2341.47 42905
0 171 2353.57 42905
0 172 2366.8 42905
0 173 2376.77 42905
0 174 2398.36 42905
0 175 2406.57 42905
0 176 2425.27 42905
0 177 2446.25 42905
0 178 2459.06 42905
0 179 2470.61 42905
0 180 2479.7 42905
0 181 2498.89 42905
0 182 2515.51 42905
0 183 2529.01 42905
0 184 2540.92 42905
0 185 2553.79 42905
0 186 2569.29 42905
0 187 2583.5 42905
0 188 2592.71 42905
0 189 2605.29 42905
0 190 2616.37 42905
0 191 2625.64 42905
0 192 2641.51 42905
0 193 2652.93 42905
0 194 2669.24 42905
0 195 2679.89 42905
0 196 2703.74 42905
0 197 2717.48 42905
0 198 2728.41 42905
0 199 2738.44 42905
0 200 2755.68 42905
./Instances/time_plots/instances/i640-334_sft.stp
0 1 10.2349 44431
0 2 20.3442 44137
0 3 37.4602 43682
0 4 49.6437 43682
0 5 60.1136 43543
0 6 68.8438 43543
0 7 83.2124 43543
0 8 92.0352 43543
0 9 106.87 43543
0 10 119.49 43543
0 11 131.341 43543
0 12 137.964 43543
0 13 150.502 43543
0 14 157.938 43543
0 15 174.891 43543
0 16 194.056 43543
0 17 210.553 43543
0 18 225.124 43275
0 19 239.737 43275
0 20 253.422 43275
0 21 265.084 43275
0 22 284.678 43275
0 23 299.189 43275
0 24 315.962 43275
0 25 338.884 43275
0 26 353.19 43275
0 27 379.42 43275
0 28 395.545 43275
0 29 413.478 43275
0 30 427.817 43275
0 31 444.716 43275
0 32 458.351 43275
0 33 474.61 43275
0 34 495.743 43275
0 35 505.843 43275
0 36 518.299 43275
0 37 534.523 43275
0 38 550.224 43275
0 39 567.583 43275
0 40 580.096 43275
0 41 592.274 43275
0 42 612.388 43275
0 43 629.927 43275
0 44 641.866 43275
0 45 652.998 43275
0 46 670.727 43275
0 47 680.372 43275
0 48 694.517 43275
0 49 706.855 43275
0 50 717.069 43275
0 51 726.166 43275
0 52 742.864 43275
0 53 759.917 43275
0 54 776.122 43275
0 55 789.886 43275
0 56 803.522 43275
0 57 818.954 43275
0 58 834.596 43275
0 59 844.678 43275
0 60 856.012 43275
0 61 875.568 43275
0 62 890.075 43275
0 63 906.598 43275
0 64 917.561 43275
0 65 930.129 43275
0 66 948.354 43275
0 67 958.711 43275
0 68 975.159 43275
0 69 989.26 43275
0 70 1001.3 43275
0 71 1020.28 43275
0 72 1034.71 43275
0 73 1050.61 43275
0 74 1065.69 43275
0 75 1077.93 43275
0 76 1089.55 43262
0 77 1106.44 43262
0 78 1121.78 43262
0 79 1137.45 43262
0 80 1154.79 43262
0 81 1166.9 43262
0 82 1178.5 43262
0 83 1200.09 43262
0 84 1210.04 43262
0 85 1221.81 43262
0 86 1234.56 43262
0 87 1248.73 43262
0 88 1260.9 43262
0 89 1279.56 43262
0 90 1292.32 43262
0 91 1303.14 43262
0 92 1310.95 43262
0 93 1328.03 43262
0 94 1343.15 43262
0 95 1360.17 43262
0 96 1375.27 43262
0 97 1387.42 43262
0 98 1399.19 43262
0 99 1416.84 43262
0 100 1428.96 43262
0 101 1445.41 43262
0 102 1464.61 43262
0 103 1478.84 43262
0 104 1499.75 43262
0 105 1510.07 43262
0 106 1519.84 43262
0 107 1529.33 43262
0 108 1542.91 43262
0 109 1556.66 43262
0 110 1569.55 43262
0 111 1593.85 43262
0 112 1607.73 43262
0 113 1621.9 43262
0 114 1631.75 43262
0 115 1643.49 43262
0 116 1655.41 43262
0 117 1678.19 43262
0 118 1698.58 43262
0 119 1712.62 43262
0 120 1726.15 43262
0 121 1742.29 43262
0 122 1756.76 43262
0 123 1777.51 43262
0 124 1791.02 43262
0 125 1802.4 43262
0 126 1812.92 43262
0 127 1826.45 43262
0 128 1842.23 43262
0 129 1856.62 43262
0 130 1872.68 43262
0 131 1886.61 43262
0 132 1895.75 43262
0 133 1909.78 43262
0 134 1921.89 43262
0 135 1932.43 43262
0 136 1944.32 43262
0 137 1953.23 43262
0 138 1967.09 43262
0 139 1976.07 43262
0 140 1991.8 43262
0 141 2007.27 43262
0 142 2025.28 43262
0 143 2047.2 43262
0 144 2074.26 43262
0 145 2085 43262
0 146 2103.97 43262
0 147 2117.01 43262
0 148 2131.71 43262
0 149 2146.1 43262
0 150 2156.34 43262
0 151 2171.74 43262
0 152 2183.06 43262
0 153 2196.38 43262
0 154 2213.91 43262
0 155 2233.02 43262
0 156 2247.61 43262
0 157 2256.88 43262
0 158 2269.2 43262
0 159 2282.92 43262
0 160 2295.27 43262
0 161 2307.72 43262
0 162 2321.57 43262
0 163 2332.86 43262
0 164 2350 43262
0 165 2363.72 43262
0 166 2375.92 43262
0 167 2389.9 43262
0 168 2402.9 43262
0 169 2422.28 43262
0 170 2436.72 43262
0 171 2450.52 43262
0 172 2467.85 43262
0 173 2483.09 43262
0 174 2498.15 43262
0 175 2512.39 43262
0 176 2523.95 43262
0 177 2536.86 43262
0 178 2552.59 43262
0 179 2569.32 43262
0 180 2585.6 43262
0 181 2596.48 43262
0 182 2606.7 43262
0 183 2623.13 43262
0 184 2639.51 43262
0 185 2653.59 43262
0 186 2666.86 43262
0 187 2689.01 43262
0 188 2700.85 43262
0 189 2717.95 43262
0 190 2730.26 43262
0 191 2746.45 43262
0 192 2757.57 43262
0 193 2768.91 43262
0 194 2785.48 43262
0 195 2806.29 43262
0 196 2820.17 43262
0 197 2832.84 43262
0 198 2843.13 43262
0 199 2851.36 43262
0 200 2869.06 43262
./Instances/time_plots/instances/i640-335_sft.stp
0 1 19.7079 44061
0 2 31.3142 44061
0 3 44.66 44061
0 4 58.0784 43918
0 5 69.0692 43918
0 6 82.6563 43918
0 7 100.256 43918
0 8 114.873 43918
0 9 127.484 43918
0 10 146.494 43918
0 11 160.412 43918
0 12 172.4 43918
0 13 183.763 43918
0 14 195.026 43918
0 15 208.424 43918
0 16 225.009 43918
0 17 233.457 43918
0 18 247.975 43918
0 19 265.639 43918
0 20 280.181 43918
0 21 297.126 43918
0 22 314.473 43918
0 23 336.983 43918
0 24 344.67 43918
0 25 360.568 43918
0 26 373.497 43918
0 27 384.538 43912
0 28 397.171 43912
0 29 410.651 43912
0 30 424.579 43912
0 31 437.049 43912
0 32 446.128 43912
0 33 460.348 43912
0 34 470.289 43912
0 35 483.483 43912
0 36 495.864 43912
0 37 512.44 43912
0 38 527.191 43912
0 39 549.134 43912
0 40 559.203 43912
0 41 573.15 43912
0 42 581.982 43912
0 43 605.028 43912
0 44 618.35 43912
0 45 636.15 43912
0 46 651.821 43912
0 47 671.539 43912
0 48 685.312 43912
0 49 696.624 43912
0 50 716.872 43912
0 51 724.544 43912
0 52 746.096 43912
0 53 758.073 43912
0 54 767.841 43912
0 55 781.792 43912
0 56 791.751 43912
0 57 801.596 43912
0 58 815.584 43912
0 59 823.436 43912
0 60 839.755 43912
0 61 860.202 43912
0 62 872.847 43912
0 63 883.706 43912
0 64 895.335 43912
0 65 911.918 43912
0 66 931.573 43912
0 67 947.487 43912
0 68 963.251 43912
0 69 977.715 43912
0 70 991.437 43912
0 71 1013.53 43912
0 72 1027.74 43912
0 73 1040.64 43912
0 74 1053.2 43912
0 75 1064.51 43912
0 76 1087.66 43912
0 77 1099.15 43912
0 78 1118.85 43912
0 79 1136.28 43912
0 80 1151.5 43912
0 81 1167.86 43912
0 82 1187.78 43912
0 83 1196.66 43912
0 84 1206.24 43912
0 85 1221.34 43912
0 86 1233.59 43912
0 87 1247.3 43912
0 88 1257.85 43912
0 89 1270.13 43912
0 90 1281.54 43912
0 91 1300.05 43912
0 92 1313.17 43912
0 93 1324.66 43912
0 94 1350.54 43912
0 95 1362 43912
0 96 1379.16 43912
0 97 1395.87 43912
0 98 1406.35 43912
0 99 1416.35 43912
0 100 1426.96 43912
0 101 1434.58 43912
0 102 1453.96 43912
0 103 1467.79 43912
0 104 1480.21 43912
0 105 1490.35 43912
0 106 1508.51 43912
0 107 1525.35 43912
0 108 1540.25 43912
0 109 1554.44 43912
0 110 1573.18 43912
0 111 1585.77 43912
0 112 1600.37 43912
0 113 1616.06 43912
0 114 1625.92 43912
0 115 1638.36 43912
0 116 1652.53 43912
0 117 1666.89 43912
0 118 1684.48 43678
0 119 1700.66 43678
0 120 1715.3 43678
0 121 1731.47 43678
0 122 1748.29 43678
0 123 1769.77 43678
0 124 1781.69 43678
0 125 1796.7 43678
0 126 1816.41 43678
0 127 1833.39 43678
0 128 1845.02 43678
0 129 1865.99 43678
0 130 1876 43678
0 131 1889.29 43678
0 132 1906.17 43678
0 133 1922.52 43678
0 134 1935.85 43678
0 135 1954.35 43678
0 136 1966.24 43678
0 137 1980.79 43678
0 138 1996.44 43678
0 139 2008.61 43678
0 140 2020.26 43678
0 141 2029.59 43678
0 142 2048.73 43678
0 143 2072.02 43678
0 144 2084.19 43678
0 145 2096.88 43678
0 146 2107.5 43678
0 147 2122.69 43678
0 148 2134.22 43678
0 149 2148.58 43678
0 150 2157.94 43678
0 151 2170.72 43678
0 152 2183.72 43678
0 153 2197.14 43678
0 154 2206.06 43678
0 155 2219.55 43678
0 156 2236.53 43678
0 157 2253.4 43678
0 158 2273.26 43678
0 159 2288.19 43678
0 160 2306.29 43678
0 161 2320.74 43678
0 162 2342.1 43678
0 163 2354.39 43678
0 164 2370.77 43678
0 165 2388.57 43678
0 166 2403.89 43678
0 167 2420.7 43678
0 168 2437.89 43678
0 169 2452.66 43678
0 170 2468.5 43678
0 171 2478.97 43678
0 172 2493.27 43678
0 173 2509.15 43678
0 174 2529.87 43678
0 175 2542.93 43678
0 176 2561.18 43678
0 177 2571.56 43678
0 178 2587.13 43678
0 179 2600.31 43678
0 180 2618.55 43678
0 181 2629.41 43678
0 182 2640.04 43678
0 183 2650.5 43678
0 184 2667.41 43678
0 185 2686.34 43678
0 186 2700.65 43678
0 187 2711.4 43678
0 188 2723.94 43678
0 189 2737.04 43678
0 190 2751.36 43678
0 191 2770.66 43678
0 192 2783.89 43678
0 193 2799.59 43678
0 194 2816.55 43678
0 195 2830.18 43678
0 196 2849.57 43678
0 197 2867.24 43678
0 198 2881.2 43678
0 199 2891.26 43678
0 200 2905.16 43678
