./Instances/time_plots/instances/i160-232_sft.stp
0 1 0.0362845 6633
0 2 0.0633834 6633
0 3 0.090539 6633
0 4 0.13968 6621
0 5 0.165131 6621
0 6 0.172941 6621
0 7 0.197822 6621
0 8 0.236157 6621
0 9 0.27675 6621
0 10 0.317483 6621
0 11 0.325361 6621
0 12 0.368785 6621
0 13 0.395502 6621
0 14 0.419511 6613
0 15 0.448715 6613
0 16 0.464596 6613
0 17 0.50103 6613
0 18 0.541109 6613
0 19 0.558591 6613
0 20 0.599684 6613
0 21 0.616781 6613
0 22 0.642931 6613
0 23 0.657754 6613
0 24 0.701841 6613
0 25 0.726884 6613
0 26 0.748718 6613
0 27 0.782265 6613
0 28 0.804418 6613
0 29 0.813218 6613
0 30 0.824826 6613
0 31 0.860791 6613
0 32 0.905755 6613
0 33 0.953006 6613
0 34 0.981542 6613
0 35 0.996508 6613
0 36 1.02736 6613
0 37 1.07215 6613
0 38 1.08916 6613
0 39 1.1299 6613
0 40 1.15814 6613
0 41 1.1874 6613
0 42 1.23062 6613
0 43 1.25327 6613
0 44 1.26799 6613
0 45 1.27809 6613
0 46 1.31408 6613
0 47 1.35578 6613
0 48 1.37147 6542
0 49 1.40412 6542
0 50 1.46539 6542
0 51 1.50967 6542
0 52 1.55092 6542
0 53 1.58348 6542
0 54 1.61061 6542
0 55 1.64486 6542
0 56 1.68593 6542
0 57 1.69725 6542
0 58 1.73305 6542
0 59 1.75607 6542
0 60 1.77887 6542
0 61 1.78671 6542
0 62 1.79579 6542
0 63 1.83913 6542
0 64 1.8632 6542
0 65 1.8796 6542
0 66 1.89699 6542
1 67 1.91507 6542
0 68 1.92734 6535
0 69 1.93582 6535
0 70 1.94483 6535
0 71 1.95363 6535
0 72 1.96076 6535
0 73 1.9703 6535
0 74 1.98778 6535
0 75 1.99951 6535
0 76 2.01089 6535
0 77 2.01981 6535
0 78 2.02858 6535
0 79 2.0354 6535
0 80 2.04472 6535
0 81 2.06146 6535
0 82 2.0713 6535
0 83 2.07996 6535
0 84 2.08883 6535
0 85 2.09761 6535
0 86 2.10449 6535
0 87 2.12473 6535
0 88 2.13781 6535
0 89 2.14982 6535
0 90 2.15767 6535
0 91 2.16705 6535
0 92 2.17646 6535
0 93 2.18394 6535
0 94 2.19368 6535
0 95 2.21284 6535
0 96 2.22654 6535
0 97 2.23766 6535
0 98 2.24961 6535
0 99 2.25905 6535
0 100 2.26625 6535
0 101 2.27614 6535
0 102 2.30123 6535
0 103 2.31619 6535
0 104 2.33769 6535
0 105 2.34679 6535
0 106 2.35583 6535
0 107 2.36283 6535
0 108 2.37269 6535
0 109 2.38649 6535
0 110 2.39797 6535
0 111 2.41182 6535
0 112 2.42091 6535
0 113 2.42978 6535
0 114 2.437 6535
0 115 2.44686 6535
0 116 2.46364 6535
0 117 2.4769 6535
0 118 2.48548 6535
0 119 2.49435 6535
1 120 2.50293 6535
0 121 2.52191 6535
0 122 2.53071 6535
0 123 2.53866 6535
0 124 2.55522 6535
0 125 2.56429 6535
0 126 2.57222 6535
0 127 2.5852 6451
0 128 2.5943 6451
0 129 2.6023 6451
0 130 2.61559 6451
0 131 2.62414 6451
0 132 2.63208 6451
0 133 2.64882 6451
0 134 2.65774 6451
0 135 2.66568 6451
0 136 2.68923 6451
0 137 2.69825 6451
0 138 2.70628 6451
0 139 2.72385 6451
0 140 2.73285 6451
0 141 2.74082 6451
0 142 2.75282 6451
0 143 2.76208 6451
0 144 2.77007 6451
0 145 2.78551 6451
0 146 2.79448 6451
0 147 2.80247 6451
0 148 2.81585 6451
1 149 2.82347 6451
0 150 2.83139 6451
0 151 2.83894 6451
0 152 2.84654 6451
0 153 2.85446 6451
0 154 2.86203 6451
0 155 2.86959 6451
0 156 2.87748 6451
0 157 2.88506 6451
0 158 2.89265 6451
0 159 2.90059 6451
0 160 2.90824 6451
0 161 2.91584 6451
0 162 2.92378 6451
0 163 2.93141 6451
0 164 2.93891 6451
0 165 2.94674 6451
0 166 2.95427 6451
0 167 2.96185 6451
0 168 2.96964 6451
0 169 2.97714 6451
0 170 2.98455 6451
0 171 2.9923 6451
0 172 2.99973 6451
0 173 3.00723 6451
1 174 3.01523 6451
0 175 3.02276 6451
0 176 3.03036 6451
0 177 3.03799 6451
0 178 3.04579 6451
0 179 3.05343 6451
0 180 3.06109 6451
0 181 3.06875 6451
0 182 3.07645 6451
0 183 3.08406 6451
0 184 3.0917 6451
0 185 3.09958 6451
0 186 3.10748 6451
0 187 3.1155 6451
0 188 3.12332 6451
0 189 3.13108 6451
0 190 3.13872 6451
0 191 3.14637 6451
0 192 3.15406 6451
0 193 3.16168 6451
0 194 3.1694 6451
0 195 3.17709 6451
0 196 3.18471 6451
0 197 3.19233 6451
0 198 3.20001 6451
0 199 3.20762 6451
0 200 3.21525 6451
./Instances/time_plots/instances/i320-313_sft.stp
0 1 0.592899 18413
0 2 1.17387 18391
0 3 1.42859 18391
0 4 1.95677 18391
0 5 2.5232 18391
0 6 3.13711 18042
0 7 3.52746 18042
0 8 3.93181 18042
0 9 4.50432 18042
0 10 4.81061 18042
0 11 5.35492 18042
0 12 5.7249 18042
0 13 6.08504 18042
0 14 6.71432 18042
0 15 7.28989 18042
0 16 7.69692 18042
0 17 8.11716 18042
0 18 8.32487 18042
0 19 8.70017 18042
0 20 8.90031 18042
0 21 9.64757 18042
0 22 10.0553 18042
0 23 10.596 18042
0 24 11.0748 18042
0 25 11.3427 18042
0 26 11.7095 18042
0 27 12.149 18042
0 28 12.5598 18042
0 29 13.2914 18042
0 30 13.6054 18042
0 31 14.0534 18042
0 32 14.4822 18042
0 33 14.7938 18042
0 34 14.9606 18042
0 35 15.1286 18042
0 36 15.4124 18042
0 37 15.7718 18042
0 38 16.0647 18042
0 39 16.5139 18042
0 40 17.4038 18042
0 41 17.6601 18042
0 42 17.9806 18042
0 43 18.3851 18042
0 44 18.5463 18042
0 45 19.0688 18042
0 46 19.3674 18042
0 47 19.5575 18042
0 48 19.7618 18042
0 49 20.0291 18042
0 50 20.5561 18042
0 51 20.8929 18042
0 52 21.3599 18042
0 53 21.7037 18042
0 54 21.8771 18042
0 55 22.2414 18042
0 56 22.5359 18042
0 57 22.7961 18042
0 58 23.0735 18042
0 59 23.3699 18042
0 60 23.6763 18042
0 61 24.1088 18042
0 62 24.5907 18042
0 63 25.077 18042
0 64 25.4176 18042
0 65 26.1181 18042
0 66 27.1016 18042
0 67 27.4049 18042
0 68 27.9188 18042
0 69 28.3666 18042
0 70 28.9529 18042
0 71 29.3156 18042
0 72 29.6625 18042
0 73 29.8931 18042
0 74 30.278 18042
0 75 30.7514 18042
0 76 31.1801 18042
0 77 31.4631 18042
0 78 31.829 18042
0 79 32.1653 18042
0 80 32.5379 18042
0 81 32.6967 18042
0 82 32.9496 18042
0 83 33.2263 18042
1 84 33.6605 18037
0 85 33.8582 18037
0 86 34.1301 18037
0 87 34.2763 18037
0 88 34.4637 18034
0 89 34.5563 18034
0 90 34.6547 18034
0 91 34.7597 18034
0 92 34.8371 18034
0 93 34.9145 18034
0 94 35.1603 18034
0 95 35.5112 18034
0 96 36.0181 18034
0 97 36.3699 18034
0 98 36.569 18034
0 99 36.6461 18034
0 100 36.7237 18034
0 101 36.8302 18034
0 102 36.9079 18034
0 103 36.9853 18034
0 104 37.3482 18034
0 105 37.5956 18034
0 106 37.8431 18034
0 107 38.1067 18034
0 108 38.2266 18034
0 109 38.3041 18034
0 110 38.4029 18034
1 111 38.5469 18034
0 112 38.6443 18034
0 113 38.7494 18034
0 114 38.8602 17963
0 115 38.9579 17963
0 116 39.088 17963
0 117 39.186 17963
0 118 39.2959 17963
0 119 39.4172 17963
0 120 39.52 17963
0 121 39.6299 17963
0 122 39.7289 17963
0 123 39.8336 17963
0 124 39.9345 17963
0 125 40.0779 17963
0 126 40.2097 17963
0 127 40.3764 17963
0 128 40.4745 17963
0 129 40.5769 17963
0 130 40.7046 17963
0 131 40.8126 17963
0 132 40.9114 17963
0 133 41.0159 17963
0 134 41.1457 17963
0 135 41.2452 17963
0 136 41.3829 17963
0 137 41.5901 17963
0 138 41.7009 17963
0 139 41.8273 17963
0 140 41.9504 17963
0 141 42.0744 17963
0 142 42.174 17963
0 143 42.2796 17963
0 144 42.3925 17963
0 145 42.5391 17963
0 146 42.6621 17963
0 147 42.8261 17963
0 148 42.9457 17963
0 149 43.0721 17963
0 150 43.1744 17963
0 151 43.2838 17963
0 152 43.3825 17963
0 153 43.4898 17963
0 154 43.6165 17963
0 155 43.7297 17963
0 156 43.8678 17963
0 157 43.9672 17963
0 158 44.0654 17963
0 159 44.1767 17963
0 160 44.2793 17963
0 161 44.3894 17963
0 162 44.4868 17963
0 163 44.5941 17963
0 164 44.7095 17963
0 165 44.8279 17963
0 166 44.9602 17963
0 167 45.1615 17963
0 168 45.2674 17963
0 169 45.3851 17963
0 170 45.4868 17963
0 171 45.5963 17963
0 172 45.6955 17963
0 173 45.8015 17963
0 174 45.904 17963
0 175 46.0028 17963
0 176 46.1216 17963
0 177 46.2212 17963
0 178 46.3188 17963
0 179 46.421 17963
0 180 46.5367 17963
0 181 46.6449 17963
0 182 46.743 17963
0 183 46.8493 17963
0 184 46.9522 17963
0 185 47.064 17963
0 186 47.1656 17963
0 187 47.2648 17963
0 188 47.3748 17963
0 189 47.5031 17963
0 190 47.6226 17963
0 191 47.7309 17963
0 192 47.83 17963
0 193 47.9372 17963
0 194 48.0396 17963
0 195 48.152 17963
0 196 48.2829 17963
0 197 48.3823 17963
0 198 48.496 17963
0 199 48.5982 17963
0 200 48.6994 17963
./Instances/time_plots/instances/i320-333_sft.stp
0 1 0.789457 21694
0 2 1.40088 21694
0 3 1.898 21570
0 4 2.62536 21570
0 5 3.23196 21388
0 6 3.56552 21388
0 7 4.41007 21388
0 8 5.42647 21288
0 9 6.41661 21288
0 10 7.18214 21288
0 11 8.38872 21288
0 12 9.59767 21288
0 13 10.8645 21288
0 14 11.4601 21288
0 15 12.5 21288
0 16 13.3219 21288
0 17 14.0619 21288
0 18 15.2329 21288
0 19 16.2028 21288
0 20 17.3243 21288
0 21 18.1453 21288
0 22 19.2389 21288
0 23 20.725 21094
0 24 21.5586 21094
0 25 22.7339 21094
0 26 23.5922 21094
0 27 24.2408 21094
0 28 24.7031 21094
0 29 25.7395 21094
0 30 26.7128 21094
0 31 27.5713 21094
0 32 28.2905 21094
0 33 28.9386 21094
0 34 29.495 21094
0 35 30.8542 21094
0 36 31.7042 21094
0 37 32.8194 21094
0 38 33.9049 21094
0 39 34.8107 21094
0 40 35.5401 21094
0 41 36.3298 21094
0 42 37.4919 21094
0 43 38.3344 21094
0 44 39.0581 21094
0 45 40.0485 21094
1 46 40.2191 21094
0 47 40.625 21094
0 48 40.8518 21094
0 49 41.0675 21094
0 50 41.4071 21094
0 51 41.5727 21094
0 52 41.7447 21094
0 53 41.945 21094
0 54 42.1611 21094
0 55 42.2859 21094
0 56 42.4673 21094
0 57 42.6613 21094
0 58 42.9741 21094
0 59 43.1667 21094
0 60 43.3603 21094
0 61 43.5567 21094
0 62 43.7682 21092
0 63 43.8861 21092
0 64 44.0574 21092
0 65 44.2259 21092
0 66 44.4184 21092
0 67 44.7196 21092
0 68 45.124 21092
0 69 45.2976 21092
0 70 45.5444 21092
0 71 45.8619 21092
0 72 46.0979 21092
0 73 46.2173 21092
0 74 46.4004 21092
0 75 46.5662 21092
0 76 46.7398 21092
0 77 47.0104 21092
0 78 47.1826 21092
0 79 47.3678 21092
0 80 47.5332 21092
0 81 47.8942 21092
0 82 48.0175 21092
0 83 48.3581 21092
1 84 48.4821 21092
0 85 48.6063 21092
0 86 48.7687 21092
0 87 48.8895 21092
0 88 49.0098 21092
0 89 49.1302 21092
0 90 49.2512 21092
0 91 49.3758 21092
0 92 49.5557 21092
0 93 49.6802 21092
0 94 49.8026 21092
0 95 49.9291 21092
0 96 50.0972 21092
0 97 50.2214 21092
0 98 50.4407 21002
0 99 50.5629 21002
0 100 50.6865 21002
0 101 50.8128 21002
0 102 50.9881 21002
0 103 51.1084 21002
0 104 51.2281 21002
0 105 51.3535 21002
0 106 51.4745 21002
0 107 51.598 21002
0 108 51.7202 21002
0 109 51.8424 21002
0 110 51.9659 21002
0 111 52.0911 21002
1 112 52.2761 21002
0 113 52.3973 21002
0 114 52.5181 21002
0 115 52.6416 21002
0 116 52.7656 21002
0 117 52.8863 21002
0 118 53.0095 21002
0 119 53.1312 21002
0 120 53.2558 21002
0 121 53.3792 21002
0 122 53.4995 21002
0 123 53.6794 21002
0 124 53.8019 21002
0 125 53.9223 21002
0 126 54.0468 21002
0 127 54.1674 21002
0 128 54.291 21002
1 129 54.4094 21002
0 130 54.5308 21002
0 131 54.6544 21002
0 132 54.7766 21002
0 133 54.8998 21002
0 134 55.0234 21002
0 135 55.1483 21002
0 136 55.2719 21002
0 137 55.3936 21002
0 138 55.5148 21002
0 139 55.639 21002
0 140 55.7612 21002
0 141 55.884 21002
0 142 56.0089 21002
0 143 56.1318 21002
0 144 56.2639 21002
0 145 56.3852 21002
0 146 56.5085 21002
0 147 56.6302 21002
0 148 56.7519 21002
0 149 56.8768 21002
0 150 56.9967 21002
0 151 57.1197 21002
0 152 57.2425 21002
0 153 57.3635 21002
0 154 57.485 21002
0 155 57.6046 21002
0 156 57.7246 21002
0 157 57.8496 21002
0 158 57.9706 21002
0 159 58.09 21002
0 160 58.2119 21002
0 161 58.3341 21002
1 162 58.4571 21002
0 163 58.5806 21002
0 164 58.7046 21002
0 165 58.8267 21002
0 166 58.9475 21002
0 167 59.0716 21002
0 168 59.1954 21002
0 169 59.3178 21002
0 170 59.4409 21002
0 171 59.5635 21002
0 172 59.6856 21002
0 173 59.8103 21002
0 174 59.9309 21002
0 175 60.0535 21002
0 176 60.1763 21002
0 177 60.2975 21002
0 178 60.4198 21002
0 179 60.5424 21002
0 180 60.6648 21002
0 181 60.7888 21002
0 182 60.9089 21002
0 183 61.0333 21002
0 184 61.1576 21002
0 185 61.279 21002
0 186 61.4026 21002
0 187 61.5223 21002
0 188 61.6443 21002
0 189 61.7674 21002
0 190 61.8908 21002
0 191 62.0135 21002
0 192 62.1352 21002
0 193 62.2582 21002
0 194 62.3814 21002
0 195 62.5025 21002
0 196 62.6249 21002
0 197 62.7488 21002
0 198 62.8724 21002
0 199 62.9946 21002
0 200 63.1178 21002
./Instances/time_plots/instances/i640-311_sft.stp
0 1 12.7385 37108
0 2 22.7408 37108
0 3 35.951 37108
0 4 46.2613 37108
0 5 56.3091 37108
0 6 63.1203 37108
0 7 75.0977 37108
0 8 84.0603 37108
0 9 92.2882 37108
0 10 99.7493 37108
0 11 112.922 37108
0 12 125.181 37108
0 13 135.516 37108
0 14 143.63 37108
0 15 148.881 37108
0 16 155.131 37108
0 17 160.008 37108
0 18 172.643 37108
0 19 190.288 37108
0 20 204.969 37051
0 21 220.501 37051
0 22 231.259 37051
0 23 237.97 37051
0 24 246.114 37051
0 25 260.702 37051
0 26 273.524 37051
0 27 285.398 37051
0 28 295.038 37051
0 29 306.532 37051
0 30 321.514 37051
0 31 334.933 37051
0 32 348.658 37051
0 33 369.331 37051
0 34 375.887 37051
0 35 387.214 37051
0 36 394.596 37051
0 37 400.718 37051
0 38 410.722 37051
0 39 424.352 37051
0 40 432.648 37051
0 41 442.682 37051
0 42 456.033 37051
0 43 467.833 37051
0 44 484.438 37051
0 45 493.225 37051
0 46 506.206 37051
0 47 513.992 37051
0 48 521.496 37051
0 49 535.177 36895
0 50 548.847 36895
0 51 558.206 36895
0 52 568.62 36895
0 53 575.131 36895
0 54 587.899 36895
0 55 599.233 36895
0 56 613.831 36895
0 57 623.338 36895
0 58 637.523 36895
0 59 654.411 36895
0 60 664.883 36895
0 61 671.394 36895
0 62 678.172 36895
0 63 683.523 36895
0 64 693.492 36895
0 65 700.064 36895
0 66 713.09 36895
0 67 725.848 36895
0 68 733.703 36895
0 69 739.026 36895
0 70 748.447 36895
0 71 757.769 36895
0 72 768.226 36895
0 73 774.678 36895
0 74 786.36 36895
0 75 794.438 36895
0 76 803.756 36895
0 77 816.086 36843
0 78 825.153 36843
0 79 835.755 36843
0 80 841.732 36843
0 81 857.617 36843
0 82 868.402 36843
0 83 882.328 36843
0 84 892.865 36843
0 85 907.44 36843
0 86 917.605 36843
0 87 928.133 36843
0 88 935.982 36843
0 89 945.811 36843
0 90 959.953 36843
0 91 967.835 36843
0 92 979.036 36843
0 93 986.388 36843
0 94 995.95 36843
1 95 1002.32 36843
0 96 1005.64 36793
0 97 1012.03 36793
0 98 1019.74 36695
0 99 1023.93 36695
0 100 1028.81 36695
0 101 1030.51 36695
0 102 1036.03 36695
0 103 1041.26 36695
0 104 1043.82 36695
0 105 1050.44 36695
0 106 1054.34 36695
0 107 1059.25 36695
0 108 1063.15 36695
0 109 1070.62 36695
0 110 1076.42 36695
0 111 1079.37 36695
0 112 1083.67 36695
0 113 1087.17 36695
0 114 1089.46 36695
0 115 1093.78 36695
0 116 1097.79 36695
0 117 1100.65 36695
0 118 1105.53 36695
0 119 1111.96 36695
0 120 1115.14 36695
0 121 1120.65 36695
0 122 1126.94 36695
0 123 1132.1 36695
0 124 1135.22 36695
0 125 1138.28 36695
0 126 1146.18 36695
0 127 1149.53 36695
0 128 1156.45 36695
0 129 1168.08 36695
0 130 1171.49 36695
0 131 1177.06 36695
0 132 1182.04 36695
0 133 1185.31 36695
0 134 1191.95 36695
0 135 1199.76 36695
0 136 1205.39 36695
0 137 1209.6 36695
0 138 1215.75 36695
0 139 1222.23 36695
0 140 1227.87 36695
0 141 1230.93 36695
0 142 1234.18 36695
0 143 1236.26 36695
0 144 1239.09 36695
0 145 1245.71 36695
0 146 1251.55 36695
0 147 1254.55 36695
0 148 1259.76 36695
0 149 1267.18 36695
0 150 1269.11 36695
0 151 1271.14 36695
0 152 1277.92 36695
0 153 1285.06 36695
0 154 1287.61 36695
0 155 1291.16 36695
0 156 1296.7 36692
0 157 1302.99 36692
0 158 1310.84 36692
0 159 1316.29 36692
0 160 1319.46 36692
0 161 1322.74 36692
0 162 1329.6 36692
0 163 1332.47 36692
0 164 1336.59 36692
0 165 1342.05 36692
0 166 1348.1 36686
0 167 1353.11 36686
0 168 1357.03 36686
0 169 1362.65 36686
0 170 1365.7 36686
0 171 1369.2 36686
0 172 1373.36 36686
0 173 1376.52 36686
0 174 1381.4 36686
0 175 1387.21 36686
0 176 1390.33 36686
0 177 1395.25 36686
0 178 1401.56 36686
0 179 1406.53 36686
1 180 1407.83 36686
0 181 1410.92 36686
0 182 1413.28 36686
0 183 1414.89 36686
0 184 1415.72 36686
0 185 1416.69 36686
0 186 1420.16 36643
0 187 1422.11 36643
0 188 1425.23 36643
0 189 1426.62 36643
0 190 1428.04 36643
0 191 1431.15 36612
0 192 1432.92 36612
0 193 1435.32 36612
0 194 1436.15 36612
0 195 1439.54 36612
0 196 1443.45 36612
0 197 1445.34 36612
0 198 1448.19 36612
0 199 1453.94 36612
0 200 1455.62 36612
./Instances/time_plots/instances/i640-313_sft.stp
0 1 11.5884 36305
0 2 20.8495 36305
0 3 31.4511 36305
0 4 35.7811 36305
0 5 44.7672 36305
0 6 62.5771 36305
0 7 76.5925 36305
0 8 89.7391 36305
0 9 96.2503 36305
0 10 108.02 36305
0 11 115.68 36305
0 12 127.568 36305
0 13 142.747 36305
0 14 155.285 36305
0 15 169.442 36305
0 16 182.695 36305
0 17 196.705 36305
0 18 205.327 36305
0 19 223.516 36194
0 20 237.585 36194
0 21 254.465 36194
0 22 265.472 36194
0 23 276.374 36194
0 24 286.775 36194
0 25 299.689 36194
0 26 315.674 36194
0 27 319.978 36194
0 28 337.901 36194
0 29 346.893 36194
0 30 351.045 36194
0 31 357.838 36194
0 32 368.68 36194
0 33 380.725 36194
0 34 392.223 36194
0 35 397.442 36194
0 36 412.057 36194
0 37 423.367 36194
0 38 435.281 36194
0 39 438.489 36194
0 40 452.69 36194
0 41 469.339 36194
0 42 478.997 36194
0 43 489.134 36194
0 44 501.297 36194
0 45 509.03 36194
0 46 529.552 36194
0 47 543.157 36161
0 48 549.961 36161
0 49 561.806 36161
0 50 567.101 36161
0 51 575.905 36161
0 52 589.721 36161
0 53 602.54 36161
0 54 614.468 36161
0 55 629.846 36161
0 56 643.9 36161
0 57 653.124 36161
0 58 657.515 36161
0 59 670.507 36161
0 60 680.544 36161
0 61 692.587 36161
0 62 701.341 36161
0 63 707.157 36161
0 64 714.95 36161
0 65 727.549 36161
0 66 744.401 36161
0 67 758.912 36161
0 68 772.91 36161
0 69 786.458 36161
0 70 788.972 36161
0 71 798.209 36161
0 72 803.305 36161
0 73 811.133 36161
1 74 816.682 36161
0 75 821.125 36161
0 76 825.154 36161
0 77 832.491 36161
0 78 835.369 36161
0 79 838.417 36097
0 80 842.402 36097
0 81 847.88 36097
0 82 849.733 36097
0 83 853.998 36097
0 84 856.82 36097
0 85 860.482 36097
0 86 863.59 36097
0 87 869.805 36097
0 88 872.8 36097
0 89 877.349 36088
0 90 881.491 36088
0 91 885.378 36088
0 92 889.721 36088
0 93 891.315 35964
0 94 897.683 35964
0 95 905.728 35964
0 96 908.826 35964
0 97 913.721 35964
0 98 916.666 35964
0 99 918.708 35964
0 100 922.449 35964
0 101 926.075 35964
0 102 929.572 35964
0 103 931.643 35964
0 104 935.783 35964
0 105 938.642 35964
0 106 940.943 35964
0 107 944.044 35964
0 108 947.923 35964
0 109 949.756 35964
0 110 952.773 35964
0 111 954.68 35964
0 112 956.926 35964
0 113 958.843 35964
0 114 963.356 35964
0 115 968.254 35964
0 116 971.673 35964
0 117 976.206 35964
0 118 978.372 35964
0 119 984.908 35964
0 120 987.304 35964
0 121 989.642 35964
0 122 993.683 35964
0 123 995.649 35964
0 124 998.384 35964
0 125 1004.49 35964
0 126 1008.11 35964
0 127 1011.73 35964
0 128 1015.11 35964
0 129 1017.36 35964
0 130 1023.69 35964
0 131 1026.09 35964
0 132 1033.34 35964
0 133 1035.21 35964
0 134 1038.18 35964
0 135 1043.27 35964
0 136 1047.13 35964
0 137 1054.25 35964
0 138 1057.16 35964
0 139 1059.36 35964
0 140 1065.37 35964
0 141 1067.94 35964
0 142 1073 35964
0 143 1075.11 35964
0 144 1080.9 35964
0 145 1084.22 35964
0 146 1086.71 35964
0 147 1090.5 35964
0 148 1095.54 35964
0 149 1102.05 35964
0 150 1106.2 35964
0 151 1109.69 35964
0 152 1116.9 35964
0 153 1118.83 35964
0 154 1122.44 35964
0 155 1127.81 35964
0 156 1130.57 35964
0 157 1134.73 35964
0 158 1143.14 35964
0 159 1144.85 35964
0 160 1150.54 35964
0 161 1153.74 35964
0 162 1160.17 35964
0 163 1161.92 35964
0 164 1164.84 35964
0 165 1167.66 35964
0 166 1172.8 35964
0 167 1178.4 35964
0 168 1182.77 35964
0 169 1185.88 35964
0 170 1190.2 35964
1 171 1191.51 35964
0 172 1192.48 35964
0 173 1193.46 35964
0 174 1194.79 35964
0 175 1197.21 35964
0 176 1198.85 35964
0 177 1199.87 35875
0 178 1200.78 35875
0 179 1201.8 35875
0 180 1203.13 35875
0 181 1204.45 35875
0 182 1205.42 35875
0 183 1206.41 35875
0 184 1207.59 35875
0 185 1209.37 35875
0 186 1211.17 35875
0 187 1212.57 35875
0 188 1214.18 35875
0 189 1215.5 35875
0 190 1216.9 35875
0 191 1217.88 35875
0 192 1218.87 35875
0 193 1219.85 35875
0 194 1221.23 35875
0 195 1223.12 35875
0 196 1224.48 35875
0 197 1226.26 35875
0 198 1227.96 35875
0 199 1228.91 35875
0 200 1229.88 35875
./Instances/time_plots/instances/i640-314_sft.stp
0 1 13.8608 36512
0 2 27.7947 36327
0 3 36.5076 36327
0 4 52.9573 36327
0 5 73.205 36327
0 6 79.5648 36327
0 7 89.5769 36327
0 8 106.139 36327
0 9 123.397 36327
0 10 130.925 36327
0 11 139.277 36327
0 12 146.464 36327
0 13 153.749 36327
0 14 170.248 36327
0 15 184.299 36327
0 16 196.869 36327
0 17 207.361 36327
0 18 221.045 36327
0 19 232.821 36327
0 20 242.451 36327
0 21 264.403 36327
0 22 272.592 36327
0 23 286.827 36327
0 24 297.551 36327
0 25 316.182 36327
0 26 321.222 36327
0 27 332.878 36327
0 28 342.469 36327
0 29 353.121 36327
0 30 370.194 36327
0 31 383.667 36327
0 32 394.246 36327
0 33 402.967 36327
0 34 416.936 36327
0 35 426.287 36327
0 36 435.725 36327
0 37 441.092 36327
0 38 454.044 36327
0 39 462.609 36327
0 40 470.662 36327
0 41 485.597 36327
0 42 504.874 36327
0 43 519.228 36327
0 44 529.808 36308
0 45 534.666 36308
0 46 549.4 36308
0 47 564.382 36308
0 48 572.902 36308
0 49 584.595 36308
0 50 601.283 36308
0 51 604.973 36308
0 52 619.657 36308
0 53 635.155 36308
0 54 641.813 36308
0 55 656.317 36308
0 56 664.989 36308
0 57 676.209 36308
1 58 682.125 36308
0 59 685.756 36308
0 60 690.086 36248
0 61 694.715 36248
0 62 700.479 36248
0 63 706.924 36248
0 64 710.613 36248
0 65 713.618 36248
0 66 715.442 36248
0 67 719.361 36248
0 68 723.944 36248
0 69 729.268 36248
0 70 734.841 36248
0 71 737.796 36248
0 72 743.165 36248
0 73 746.912 36248
0 74 749.237 36248
0 75 751.243 36248
0 76 752.653 36248
0 77 757.701 36248
0 78 761.981 36248
0 79 769.001 36248
0 80 775.018 36163
0 81 779.432 36163
0 82 784.838 36163
0 83 790.67 36163
0 84 793.625 36163
0 85 797.825 36163
0 86 800.204 36163
0 87 804.32 36163
0 88 808.561 36163
0 89 812.366 36163
0 90 819.404 36163
0 91 827.103 36163
0 92 832.467 36163
0 93 835.65 36163
0 94 838.589 36163
0 95 842.123 36163
0 96 845.068 36163
0 97 847.802 36163
0 98 850.404 36163
0 99 854.968 36163
0 100 860.266 36163
0 101 864.896 36163
0 102 873.798 36163
0 103 878.327 36163
0 104 884.261 36163
0 105 887.744 36163
0 106 890.462 36163
0 107 892.515 36163
0 108 897.014 36163
0 109 902.654 36163
0 110 908.154 36163
0 111 911.189 36163
0 112 917.874 36163
0 113 921.97 36163
0 114 926.879 36163
0 115 929.962 36163
0 116 931.536 36163
0 117 935.795 36163
0 118 942.78 36163
0 119 951.957 36163
0 120 955.394 36163
0 121 958.375 36163
0 122 965.021 36163
0 123 967.788 36163
0 124 970.431 36163
0 125 975.064 36163
0 126 977.441 36163
0 127 981.718 36163
0 128 988.201 36163
0 129 991.933 36163
0 130 995.493 36163
0 131 999.53 36163
0 132 1003.76 36163
1 133 1004.68 36163
0 134 1006.05 36144
0 135 1006.91 36144
0 136 1007.75 36144
0 137 1008.78 36144
0 138 1009.81 36144
0 139 1011.34 36144
0 140 1013.48 36144
0 141 1015.94 36144
0 142 1017.06 36144
0 143 1017.96 36144
0 144 1019.97 36143
0 145 1020.93 36143
0 146 1022.42 36143
0 147 1023.34 36143
0 148 1025.04 36143
0 149 1026.52 36143
0 150 1028.34 36143
0 151 1030.29 36143
0 152 1031.15 36143
0 153 1032.32 36143
0 154 1033.99 36143
0 155 1034.96 36143
0 156 1035.99 36143
0 157 1036.91 36143
0 158 1039.56 36143
0 159 1041.94 36143
0 160 1044.01 36143
0 161 1046.1 36143
0 162 1046.95 36143
0 163 1048.03 36143
0 164 1048.91 36143
0 165 1049.77 36143
0 166 1050.73 36143
0 167 1051.66 36143
0 168 1053.15 36143
0 169 1054.3 36143
0 170 1056.7 36143
0 171 1059.22 36143
0 172 1060.49 36143
0 173 1063.81 36143
0 174 1066.07 36143
0 175 1066.97 36143
0 176 1067.82 36143
0 177 1068.75 36143
0 178 1071.95 36143
0 179 1074 36143
0 180 1075.36 36143
0 181 1078.14 36143
0 182 1079 36143
0 183 1079.89 36143
0 184 1081.16 36143
0 185 1082.07 36143
0 186 1083.31 36143
0 187 1084.23 36143
0 188 1085.76 36143
0 189 1087.54 36143
0 190 1088.71 36143
0 191 1090.89 36143
0 192 1091.94 36143
0 193 1092.83 36143
0 194 1096.03 36134
0 195 1096.94 36134
0 196 1097.8 36134
0 197 1098.72 36134
0 198 1101 36134
0 199 1102.67 36134
0 200 1105.07 36134
./Instances/time_plots/instances/i640-315_sft.stp
0 1 8.34108 37123
0 2 17.8469 36678
0 3 30.9101 36678
0 4 45.4398 36678
0 5 60.3471 36678
0 6 72.6197 36448
0 7 87.53 36448
0 8 98.0553 36391
0 9 110.628 36391
0 10 125.261 36391
0 11 134.667 36391
0 12 148.647 36391
0 13 168.037 36391
0 14 177.29 36391
0 15 192.014 36308
0 16 207.128 36255
0 17 219.359 36255
0 18 234.796 36255
0 19 250.102 36255
0 20 257.934 36255
0 21 262.687 36255
0 22 271.279 36255
0 23 294.298 36255
0 24 311.956 36255
0 25 325.686 36255
0 26 341.09 36255
0 27 346.236 36255
0 28 362.843 36255
0 29 372.643 36255
0 30 383.306 36255
0 31 398.816 36255
0 32 411.648 36255
0 33 426.438 36255
0 34 447.899 36255
0 35 460.141 36255
0 36 473.707 36255
0 37 486.521 36255
0 38 500.793 36255
0 39 512.923 36255
0 40 527.297 36255
0 41 540.375 36255
0 42 553.602 36255
0 43 564.746 36255
0 44 571.372 36255
0 45 584.159 36255
0 46 596.246 36255
0 47 613.521 36255
0 48 626 36255
0 49 637.842 36255
0 50 644.782 36255
0 51 660.25 36129
0 52 674.386 36129
0 53 685.901 36129
0 54 706.857 36129
0 55 718.451 36129
0 56 736.469 36129
0 57 751.883 36129
0 58 764.167 36129
0 59 780.738 36129
0 60 790.706 36129
0 61 798.108 36129
0 62 813.998 36129
0 63 825.421 36129
0 64 844.097 36129
0 65 861.855 36129
0 66 871.58 36129
0 67 884.317 36129
0 68 901.01 36129
0 69 909.185 36129
0 70 921.851 36129
0 71 935.583 36129
0 72 948.322 36129
0 73 956.461 36129
0 74 972.329 36129
0 75 983.863 36129
0 76 993.179 36014
0 77 1003.1 36014
0 78 1010.95 36014
0 79 1026.67 36014
0 80 1038.97 36014
0 81 1053.83 36014
0 82 1066 36014
0 83 1076.23 36014
0 84 1089.37 36014
0 85 1109.17 36014
0 86 1121.34 36014
0 87 1126.9 36014
0 88 1137.54 36014
0 89 1144.01 36014
0 90 1152.07 36014
0 91 1170.93 36014
0 92 1186.41 36014
0 93 1203.27 36014
0 94 1216.09 36014
0 95 1227.54 36014
0 96 1231.76 36014
0 97 1238.96 36014
0 98 1250.56 36014
0 99 1266.71 36014
0 100 1277.83 36014
0 101 1294.21 36014
0 102 1311.99 36014
0 103 1327.78 36014
0 104 1340.07 36014
0 105 1347.61 36014
0 106 1360.47 36014
0 107 1373.87 36014
0 108 1391.21 36014
0 109 1394.41 36014
0 110 1404.49 36014
0 111 1415.93 36014
0 112 1431.08 36014
0 113 1449.24 36014
0 114 1458.8 36014
0 115 1472.23 36014
0 116 1484.91 36014
0 117 1497.65 36014
0 118 1506.95 36014
0 119 1526.03 36014
0 120 1534.71 36014
0 121 1545.59 36014
0 122 1552.53 36014
0 123 1563.13 36014
0 124 1580.1 35942
0 125 1598.29 35942
0 126 1613.89 35942
0 127 1630.37 35942
0 128 1646.06 35942
0 129 1677.14 35942
0 130 1713.11 35942
0 131 1734.7 35942
0 132 1743.59 35942
0 133 1757.14 35942
0 134 1769.78 35942
0 135 1782.82 35942
0 136 1795.33 35942
0 137 1805.52 35942
1 138 1811.1 35942
0 139 1820.29 35942
0 140 1827.29 35882
0 141 1835.46 35882
0 142 1842.5 35882
0 143 1845.8 35882
0 144 1850.04 35882
0 145 1855.77 35882
0 146 1859.66 35882
0 147 1865.17 35882
0 148 1870.72 35882
0 149 1878.32 35816
0 150 1885.36 35816
0 151 1890.4 35816
0 152 1894.8 35816
0 153 1899.14 35816
0 154 1904.45 35816
0 155 1912.05 35816
0 156 1919.06 35816
0 157 1926.36 35816
0 158 1929.52 35816
0 159 1935.89 35816
0 160 1939.91 35816
0 161 1946.32 35816
0 162 1952.48 35816
0 163 1957.93 35816
0 164 1962.54 35816
0 165 1968.29 35816
0 166 1976.7 35816
0 167 1981.5 35816
0 168 1987.49 35816
0 169 1993.92 35816
0 170 2000.99 35816
0 171 2006.44 35816
0 172 2010.39 35816
0 173 2014.16 35816
0 174 2018.97 35816
0 175 2025.73 35816
0 176 2033.56 35816
0 177 2038.03 35816
0 178 2042.67 35816
0 179 2051.45 35816
0 180 2059.55 35816
0 181 2067.02 35816
0 182 2069.6 35816
0 183 2075.45 35816
0 184 2081.89 35816
0 185 2087.15 35816
0 186 2091.32 35816
0 187 2094.58 35816
0 188 2098.63 35816
0 189 2104.22 35816
0 190 2109.72 35816
0 191 2115.35 35816
0 192 2120.59 35816
0 193 2125.7 35816
0 194 2131.2 35816
0 195 2136.29 35816
0 196 2141.52 35816
0 197 2147.35 35816
0 198 2151.74 35816
0 199 2159.96 35816
0 200 2167.95 35816
./Instances/time_plots/instances/i640-331_sft.stp
0 1 16.1328 44016
0 2 33.6507 43708
0 3 47.8885 43708
0 4 61.0785 43639
0 5 75.4793 43639
0 6 86.244 43639
0 7 95.6999 43639
0 8 109.259 43457
0 9 118.909 43457
0 10 133.805 43457
0 11 148.409 43457
0 12 165.347 43457
0 13 180.601 43457
0 14 196.186 43457
0 15 211.731 43457
0 16 228.443 43457
0 17 240.76 43457
0 18 256.205 43457
0 19 267.968 43457
0 20 278.014 43457
0 21 291.01 43457
0 22 303.618 43457
0 23 312.844 43457
0 24 327.939 43457
0 25 341.787 43457
0 26 355.528 43457
0 27 367.325 43457
0 28 378.734 43457
0 29 394.98 43457
0 30 406.699 43422
0 31 418.096 43422
0 32 434.967 43422
0 33 447.911 43422
0 34 467.986 43422
0 35 486.507 43422
0 36 502.959 43422
0 37 514.495 43422
0 38 532.032 43422
0 39 545.776 43422
0 40 559.679 43422
0 41 575.043 43422
0 42 588.769 43422
0 43 597.336 43422
0 44 610.024 43422
0 45 624.426 43422
0 46 640.701 43422
0 47 653.269 43422
0 48 671.036 43422
0 49 685.101 43422
0 50 698.959 43422
0 51 711.922 43422
0 52 724.91 43422
0 53 742.095 43422
0 54 757.266 43422
0 55 774.777 43422
0 56 795.539 43422
0 57 809.244 43422
0 58 824.659 43422
0 59 839.317 43422
0 60 854.898 43422
0 61 868.663 43422
0 62 886.525 43422
0 63 900.461 43422
0 64 915.527 43422
0 65 925.458 43422
0 66 936.581 43422
0 67 948.279 43422
0 68 967.536 43422
0 69 977.744 43422
0 70 1002.88 43422
0 71 1015.47 43422
0 72 1029.78 43422
0 73 1046.09 43422
0 74 1055.44 43422
0 75 1076.01 43422
0 76 1091.35 43422
0 77 1108.45 43422
0 78 1125.67 43422
0 79 1135.87 43422
0 80 1150.35 43422
0 81 1162.91 43422
0 82 1175.33 43422
0 83 1187.32 43422
0 84 1202.37 43422
0 85 1217.9 43422
0 86 1235.04 43422
0 87 1245.67 43422
0 88 1260.98 43422
0 89 1275.73 43422
0 90 1284.89 43422
0 91 1298.24 43422
0 92 1316.97 43422
0 93 1332.76 43422
0 94 1345.59 43422
0 95 1361.33 43422
0 96 1371.32 43422
0 97 1386.08 43422
0 98 1401.67 43422
0 99 1413.78 43422
0 100 1422.96 43422
0 101 1432.05 43422
0 102 1447.78 43422
0 103 1462.45 43422
0 104 1483.57 43422
0 105 1496.51 43422
0 106 1508.73 43422
0 107 1527.64 43422
0 108 1539.32 43422
0 109 1552.89 43422
0 110 1573.89 43422
0 111 1586.88 43422
0 112 1600.78 43422
0 113 1611.21 43422
0 114 1625.15 43422
0 115 1640.38 43422
0 116 1655.4 43422
0 117 1669.06 43422
0 118 1682.89 43422
0 119 1697.97 43422
0 120 1713.83 43422
0 121 1727.33 43422
0 122 1745.41 43422
0 123 1766.99 43422
0 124 1782.96 43422
0 125 1794.69 43422
0 126 1811.05 43422
0 127 1825 43422
0 128 1837.47 43422
0 129 1849.77 43422
0 130 1868.32 43422
0 131 1885.79 43422
0 132 1902.58 43422
0 133 1915.65 43422
0 134 1929.37 43422
0 135 1943.43 43422
0 136 1949.65 43422
0 137 1963.29 43422
0 138 1974.63 43422
0 139 1987.95 43422
0 140 2002.35 43422
0 141 2013.48 43422
0 142 2034.46 43422
0 143 2045.59 43422
0 144 2054.64 43422
0 145 2074.58 43422
1 146 2078.85 43160
0 147 2082.97 43160
0 148 2085.19 43160
0 149 2087.9 43160
0 150 2091.25 43160
0 151 2096.13 43079
0 152 2101.63 43079
0 153 2104.27 43079
0 154 2108.07 43079
0 155 2112.23 43079
0 156 2115.02 43079
0 157 2119.43 43079
0 158 2121.91 43079
0 159 2124.04 43079
0 160 2127.83 43079
0 161 2130.09 43079
0 162 2134.8 43079
0 163 2137.61 43079
0 164 2140.43 43079
0 165 2147.23 43079
0 166 2150.48 43079
0 167 2153.66 43079
0 168 2161.35 43079
0 169 2163.68 43079
0 170 2170.87 43079
0 171 2178.98 42981
0 172 2183.24 42981
0 173 2192.57 42981
0 174 2197.25 42981
0 175 2202.61 42981
0 176 2206.63 42981
0 177 2212.55 42981
0 178 2216.91 42981
0 179 2219.22 42981
0 180 2226.06 42981
0 181 2230.15 42981
0 182 2233.22 42981
0 183 2235.99 42981
0 184 2237.99 42981
0 185 2240.49 42981
0 186 2243.14 42981
0 187 2249.18 42981
0 188 2252.35 42981
0 189 2255.59 42981
0 190 2260.61 42981
0 191 2263.16 42981
0 192 2265.95 42981
0 193 2270.14 42981
0 194 2273.55 42981
0 195 2276.57 42981
0 196 2279.32 42981
0 197 2282.41 42981
0 198 2285.96 42981
0 199 2288.58 42981
0 200 2290.98 42981
./Instances/time_plots/instances/i640-332_sft.stp
0 1 14.4914 43711
0 2 33.6351 43711
0 3 44.6547 43711
0 4 52.0145 43711
0 5 65.6138 43711
0 6 78.8589 43711
0 7 87.5168 43711
0 8 101.386 43711
0 9 112.898 43711
0 10 127.359 43711
0 11 138.464 43284
0 12 148.122 43284
0 13 157.661 43284
0 14 170.641 43284
0 15 180.506 43284
0 16 196.083 43284
0 17 207.493 43284
0 18 229.357 43284
0 19 238.918 43284
0 20 255.707 43284
0 21 265.735 43284
0 22 284.779 43284
0 23 295.485 43284
0 24 305.622 43284
0 25 317.427 43284
0 26 332.776 43284
0 27 348.163 43284
0 28 356.535 43284
0 29 376.304 43284
0 30 388.032 43284
0 31 397.813 43284
0 32 413.389 43284
0 33 425.097 43284
0 34 432.334 43284
0 35 446.031 43284
0 36 457.638 43284
0 37 464.438 43284
0 38 476.434 43284
0 39 494.498 43284
0 40 505.037 43284
0 41 517.418 43284
0 42 528.357 43284
0 43 545.876 43284
0 44 552.03 43284
0 45 563.138 43284
0 46 576.052 43284
0 47 583.495 43284
0 48 597.985 43284
0 49 606.074 43284
0 50 617.548 43284
0 51 641.106 43284
0 52 652.89 43284
0 53 675.278 43284
0 54 690.424 43284
0 55 699.118 43284
0 56 711.397 43284
0 57 723.119 43284
0 58 738.264 43284
0 59 751.979 43284
0 60 762.954 43284
0 61 776.307 43284
0 62 786.338 43284
0 63 803.955 43284
0 64 812.797 43284
0 65 833.657 43284
0 66 846.89 43284
0 67 856.651 43284
0 68 865.506 43284
0 69 875.15 43284
0 70 883.32 43284
0 71 893.641 43284
0 72 907.365 43284
0 73 917.845 43284
0 74 930.38 43284
0 75 944.413 43284
0 76 956.351 43284
1 77 961.628 43284
0 78 963.984 43284
0 79 969.098 43284
0 80 972.415 43284
0 81 974.644 43225
0 82 977.824 43178
0 83 983.188 43178
0 84 987.651 43178
0 85 993.88 43178
0 86 995.904 43178
0 87 1002.32 43178
0 88 1006.28 43178
0 89 1010.6 43178
0 90 1015.23 43178
0 91 1018.5 43068
0 92 1022.98 43068
0 93 1027.52 43068
0 94 1033 43068
0 95 1036.44 43068
0 96 1038.39 43068
0 97 1043.32 43068
0 98 1047.53 43068
0 99 1051.44 43068
0 100 1057.86 43068
0 101 1060.44 43068
0 102 1064.92 43068
0 103 1068.16 43068
0 104 1071.01 43068
0 105 1075.16 43068
0 106 1077.35 43068
0 107 1082.01 43068
0 108 1085.8 43068
0 109 1090.82 43068
0 110 1094.73 43068
0 111 1097.26 43068
0 112 1103.32 42991
0 113 1108.59 42991
0 114 1113.63 42991
0 115 1116.44 42991
0 116 1117.94 42991
0 117 1121.43 42991
0 118 1125.02 42991
0 119 1129.86 42991
0 120 1133.45 42991
0 121 1135.52 42991
0 122 1138.71 42991
0 123 1142.63 42991
0 124 1149.78 42991
0 125 1152.27 42991
1 126 1153.85 42991
0 127 1155.86 42991
0 128 1157.6 42991
0 129 1159.82 42991
0 130 1161.17 42991
0 131 1162.91 42991
0 132 1164.4 42991
0 133 1166.57 42991
0 134 1168.09 42991
0 135 1170.79 42894
0 136 1172.08 42894
0 137 1177.66 42894
0 138 1179.16 42894
0 139 1181.83 42894
0 140 1183.79 42894
0 141 1185.21 42894
0 142 1186.67 42894
0 143 1187.93 42894
0 144 1189.2 42894
0 145 1191.12 42894
0 146 1192.41 42894
0 147 1195.63 42894
0 148 1197.38 42894
0 149 1199.52 42894
0 150 1201.22 42894
0 151 1203 42894
0 152 1204.5 42894
0 153 1206 42894
0 154 1207.34 42894
0 155 1208.84 42894
0 156 1210.13 42894
0 157 1212.31 42894
0 158 1213.82 42894
0 159 1217.27 42894
0 160 1218.97 42894
0 161 1223.4 42894
0 162 1224.65 42894
0 163 1225.93 42894
0 164 1227.06 42894
0 165 1228.89 42815
0 166 1230.19 42815
0 167 1232.39 42815
0 168 1233.89 42815
0 169 1236.5 42815
0 170 1238.19 42815
0 171 1240.16 42815
0 172 1241.62 42815
0 173 1242.78 42815
0 174 1244.04 42815
0 175 1246.31 42815
0 176 1247.8 42815
0 177 1250.3 42815
0 178 1251.53 42815
0 179 1259.54 42815
0 180 1261.96 42815
0 181 1263.43 42815
0 182 1264.79 42815
0 183 1266.04 42815
0 184 1267.35 42815
0 185 1269.33 42815
0 186 1270.64 42815
0 187 1272.15 42815
0 188 1273.6 42815
0 189 1275.34 42815
0 190 1276.72 42815
0 191 1278.14 42815
0 192 1279.49 42815
0 193 1280.76 42815
0 194 1282.23 42815
0 195 1284.44 42815
0 196 1285.73 42815
0 197 1289.06 42815
0 198 1290.28 42815
0 199 1292.4 42815
1 200 1293.73 42815
./Instances/time_plots/instances/i640-333_sft.stp
0 1 13.0417 43599
0 2 21.8022 43599
0 3 38.1139 43393
0 4 49.0204 43393
0 5 64.3867 43393
0 6 78.2249 43393
0 7 97.7411 43310
0 8 110.949 43310
0 9 124.731 43310
0 10 136.312 43310
0 11 147.184 43310
0 12 160.115 43310
0 13 170.15 43310
0 14 190.052 43310
0 15 204.534 43310
0 16 221.507 43310
0 17 235.847 43310
0 18 249.686 42983
0 19 263.351 42983
0 20 276.019 42983
0 21 287.318 42983
0 22 296.987 42983
0 23 306.883 42983
0 24 316.842 42983
0 25 329.262 42983
0 26 343.515 42983
0 27 355.126 42983
0 28 363.513 42983
0 29 376.442 42983
0 30 389.723 42983
0 31 401.873 42983
0 32 415.212 42983
0 33 428.782 42983
0 34 440.57 42983
0 35 450.059 42983
0 36 462.835 42983
0 37 478.692 42983
0 38 499.274 42983
0 39 506.038 42983
0 40 521.509 42983
0 41 532.345 42983
0 42 551.567 42983
0 43 565.745 42983
0 44 586.09 42983
0 45 596.425 42983
0 46 608.933 42983
0 47 622.92 42983
0 48 633.642 42983
0 49 650.237 42983
0 50 661.303 42983
0 51 668.932 42983
0 52 683.98 42983
0 53 697.525 42983
0 54 707.909 42983
0 55 728.357 42983
0 56 738.458 42983
0 57 757.094 42983
0 58 763.402 42983
0 59 779.526 42983
0 60 796.106 42983
0 61 807.16 42983
0 62 819.93 42983
0 63 830.511 42983
0 64 849.88 42972
0 65 864.018 42972
0 66 872.164 42972
0 67 884.427 42972
0 68 905.371 42972
0 69 926.905 42972
0 70 936.639 42972
0 71 953.715 42972
0 72 972.335 42972
0 73 986.48 42972
0 74 1004.96 42972
0 75 1021.61 42972
0 76 1046.1 42972
0 77 1058.61 42972
0 78 1067.93 42972
0 79 1079.61 42972
0 80 1091.23 42972
0 81 1103.43 42972
0 82 1115.55 42972
0 83 1123.66 42972
0 84 1134.68 42972
0 85 1148.71 42972
0 86 1162.02 42972
0 87 1175.66 42972
0 88 1194.28 42972
0 89 1204.48 42972
0 90 1219 42972
0 91 1232.97 42972
0 92 1243.85 42972
1 93 1247.07 42972
0 94 1254.45 42972
0 95 1260.01 42972
0 96 1266.73 42972
0 97 1270.13 42884
0 98 1272.14 42884
0 99 1276.13 42884
0 100 1279.22 42884
0 101 1282.98 42884
0 102 1284.71 42884
0 103 1288.83 42884
0 104 1296.17 42884
0 105 1298.74 42884
0 106 1302.47 42884
0 107 1308.44 42868
0 108 1311.5 42868
0 109 1315.34 42826
0 110 1320.32 42826
0 111 1323.95 42826
0 112 1327.6 42826
0 113 1333.82 42826
0 114 1338.17 42826
0 115 1344.92 42826
0 116 1349.51 42826
0 117 1359.22 42826
0 118 1362.09 42826
0 119 1368.79 42826
0 120 1371.02 42826
0 121 1373.96 42826
0 122 1376.46 42768
0 123 1380.83 42768
0 124 1386.13 42768
0 125 1391.84 42768
0 126 1394.77 42768
0 127 1398.97 42768
0 128 1402.01 42768
0 129 1407.99 42768
0 130 1410.84 42768
0 131 1415.43 42768
0 132 1419.2 42768
0 133 1423.12 42768
0 134 1427.55 42768
0 135 1430.58 42768
0 136 1434.6 42768
0 137 1437.75 42768
0 138 1441.83 42768
0 139 1450.09 42768
0 140 1453.48 42768
0 141 1455.04 42768
0 142 1457.19 42768
0 143 1461.69 42768
0 144 1467.11 42768
0 145 1471.67 42768
0 146 1476.09 42768
0 147 1480.13 42768
0 148 1485.1 42768
0 149 1490.38 42768
0 150 1493.16 42768
0 151 1497.35 42768
0 152 1500.39 42690
0 153 1503.96 42690
0 154 1507.44 42690
0 155 1512.23 42690
0 156 1516.25 42690
0 157 1520.08 42690
0 158 1522.92 42690
0 159 1528.74 42690
0 160 1532.67 42690
0 161 1536.11 42690
0 162 1539.61 42690
0 163 1545.31 42690
0 164 1548.46 42690
0 165 1553.02 42690
1 166 1554.67 42690
0 167 1557.06 42690
0 168 1559.11 42690
0 169 1560.33 42690
0 170 1561.56 42690
0 171 1562.77 42690
0 172 1563.98 42680
0 173 1566.72 42680
0 174 1571.8 42680
0 175 1574.65 42680
0 176 1578.56 42680
0 177 1580.64 42680
0 178 1584.55 42680
0 179 1585.78 42680
0 180 1586.98 42680
0 181 1588.2 42680
0 182 1589.58 42680
0 183 1591.61 42680
0 184 1595.64 42680
0 185 1597.63 42680
0 186 1599.4 42680
0 187 1602.49 42680
0 188 1607.96 42680
0 189 1609.46 42680
0 190 1610.69 42680
0 191 1611.91 42680
0 192 1613.25 42680
0 193 1617.61 42680
0 194 1620.58 42680
0 195 1623.23 42680
0 196 1624.63 42680
0 197 1628.64 42680
0 198 1630.16 42680
0 199 1631.37 42680
0 200 1632.71 42680
./Instances/time_plots/instances/i640-334_sft.stp
0 1 10.1728 44431
0 2 20.3399 44137
0 3 37.5384 43682
0 4 49.7586 43682
0 5 60.2949 43543
0 6 69.0467 43543
0 7 83.4689 43543
0 8 92.2911 43543
0 9 107.158 43543
0 10 119.827 43543
0 11 131.695 43543
0 12 138.334 43543
0 13 150.878 43543
0 14 158.316 43543
0 15 175.308 43543
0 16 194.477 43543
0 17 211.022 43543
0 18 225.614 43275
0 19 240.289 43275
0 20 254.017 43275
0 21 265.747 43275
0 22 285.317 43275
0 23 299.894 43275
0 24 316.753 43275
0 25 339.769 43275
0 26 354.093 43275
0 27 380.35 43275
0 28 396.525 43275
0 29 414.541 43275
0 30 428.924 43275
0 31 445.91 43275
0 32 459.592 43275
0 33 475.769 43275
0 34 497.069 43275
0 35 507.233 43275
0 36 519.744 43275
0 37 536.042 43275
0 38 551.791 43275
0 39 569.214 43275
0 40 581.744 43275
0 41 593.875 43275
0 42 613.806 43275
0 43 631.381 43275
0 44 643.354 43275
0 45 654.536 43275
0 46 672.342 43275
0 47 682.022 43275
0 48 696.202 43275
0 49 708.567 43275
0 50 718.792 43275
0 51 727.883 43275
0 52 744.628 43275
0 53 761.713 43275
0 54 777.935 43275
0 55 791.764 43275
0 56 805.479 43275
0 57 820.958 43275
0 58 836.613 43275
0 59 846.71 43275
0 60 858.079 43275
0 61 877.922 43275
0 62 892.409 43275
0 63 909.028 43275
0 64 920.044 43275
0 65 932.66 43275
0 66 950.947 43275
0 67 961.347 43275
0 68 977.879 43275
0 69 991.987 43275
0 70 1004.03 43275
0 71 1023.04 43275
1 72 1026.17 43275
0 73 1030.54 43275
0 74 1036.56 43077
0 75 1039.25 43077
0 76 1041.27 43077
0 77 1044.5 43077
0 78 1046.01 43077
0 79 1050.08 43077
0 80 1053.37 43077
0 81 1055.1 43077
0 82 1061.67 43077
0 83 1065.82 43077
0 84 1069.46 43077
0 85 1074.99 43077
0 86 1078.41 43077
0 87 1081.87 43077
0 88 1085.02 43077
0 89 1087.74 43077
0 90 1090.44 43077
0 91 1092.4 43077
0 92 1095.48 43077
0 93 1098.29 43077
0 94 1104.09 43072
0 95 1106.26 43072
0 96 1109.58 43072
0 97 1112.19 43072
0 98 1115.51 43072
0 99 1121.32 43072
0 100 1123.96 43072
0 101 1126.13 43072
0 102 1128.45 43072
0 103 1132.47 43072
0 104 1135.64 43072
0 105 1139.74 43072
0 106 1142.52 43072
0 107 1145.36 43072
0 108 1149.83 43046
0 109 1152.74 43046
0 110 1155.78 43046
0 111 1158.05 43046
0 112 1160.02 43046
0 113 1165.28 43046
0 114 1170.49 43046
0 115 1173.02 43046
0 116 1176.15 43046
0 117 1179.4 43046
0 118 1182.14 43046
0 119 1189.26 43046
0 120 1192.45 43046
0 121 1194.12 43046
0 122 1195.85 43046
0 123 1200 43046
0 124 1207.65 43046
0 125 1210.19 43046
0 126 1213.34 43046
0 127 1216.46 43046
0 128 1217.93 43046
0 129 1220.71 43046
0 130 1224.22 43046
0 131 1226.88 43046
0 132 1228.88 43046
1 133 1231.49 42942
0 134 1233.83 42942
0 135 1235.83 42942
0 136 1238.38 42942
0 137 1240.2 42942
0 138 1242.49 42942
0 139 1244.1 42942
0 140 1247.06 42942
0 141 1248.35 42942
0 142 1250.24 42942
0 143 1252.21 42942
0 144 1255.4 42942
0 145 1257.57 42942
0 146 1259.38 42942
0 147 1260.87 42942
0 148 1263.02 42928
0 149 1264.49 42928
0 150 1265.87 42928
0 151 1267.14 42928
0 152 1269.51 42928
0 153 1271.82 42928
0 154 1273.09 42928
0 155 1274.59 42928
0 156 1275.88 42928
0 157 1277.38 42928
0 158 1278.68 42928
0 159 1280.03 42928
0 160 1281.63 42928
0 161 1282.9 42928
0 162 1284.7 42928
0 163 1286.9 42928
0 164 1288.91 42928
0 165 1290.31 42928
0 166 1291.59 42928
0 167 1293.07 42928
0 168 1294.54 42927
0 169 1296.29 42927
0 170 1298.6 42927
0 171 1299.91 42927
0 172 1303.19 42927
0 173 1305.54 42927
0 174 1306.91 42927
0 175 1308.75 42927
0 176 1310.95 42927
0 177 1313.35 42927
0 178 1315.03 42927
0 179 1316.36 42927
0 180 1317.85 42927
0 181 1321.94 42927
0 182 1323.46 42927
0 183 1325.67 42927
0 184 1326.93 42927
0 185 1328.56 42927
0 186 1330.23 42927
0 187 1331.85 42927
0 188 1333.79 42926
0 189 1335.41 42926
0 190 1336.89 42926
0 191 1338.18 42926
0 192 1339.85 42926
0 193 1341.94 42926
0 194 1343.22 42926
0 195 1344.64 42926
0 196 1346.01 42926
0 197 1347.62 42926
0 198 1349.54 42926
0 199 1351.66 42926
0 200 1353.14 42926
./Instances/time_plots/instances/i640-335_sft.stp
0 1 19.5785 44061
0 2 31.2017 44061
0 3 44.5504 44061
0 4 58.0007 43918
0 5 68.9886 43918
0 6 82.5815 43918
0 7 100.056 43918
0 8 114.669 43918
0 9 127.242 43918
0 10 146.217 43918
0 11 160.121 43918
0 12 172.133 43918
0 13 183.558 43918
0 14 194.84 43918
0 15 208.258 43918
0 16 224.914 43918
0 17 233.387 43918
0 18 247.968 43918
0 19 265.679 43918
0 20 280.374 43918
0 21 297.179 43918
0 22 314.464 43918
0 23 336.97 43918
0 24 344.652 43918
0 25 360.607 43918
0 26 373.753 43918
0 27 384.844 43912
0 28 397.495 43912
0 29 411.023 43912
0 30 425.019 43912
0 31 437.513 43912
0 32 446.584 43912
0 33 460.793 43912
0 34 470.651 43912
0 35 483.815 43912
0 36 496.101 43912
0 37 512.692 43912
0 38 527.459 43912
0 39 549.333 43912
0 40 559.425 43912
0 41 573.439 43912
0 42 582.314 43912
0 43 605.43 43912
0 44 618.76 43912
0 45 636.537 43912
0 46 652.227 43912
0 47 671.936 43912
0 48 685.758 43912
0 49 697.067 43912
1 50 700.327 43912
0 51 703.34 43572
0 52 706.858 43572
0 53 710.134 43572
0 54 716.954 43572
0 55 722.63 43572
0 56 728.842 43562
0 57 731.494 43562
0 58 738.946 43562
0 59 744.293 43562
0 60 750.133 43562
0 61 754.878 43562
0 62 757.879 43562
0 63 763.018 43562
0 64 766.918 43562
0 65 770.259 43562
0 66 774.656 43562
0 67 780.051 43554
0 68 783.495 43554
0 69 792.376 43554
0 70 795.154 43554
0 71 804.468 43554
0 72 807.08 43554
0 73 811.616 43554
0 74 816.621 43554
0 75 820.2 43487
0 76 824.61 43487
0 77 829.567 43487
0 78 833.437 43487
0 79 840.994 43487
0 80 846.188 43487
0 81 850.419 43487
0 82 852.602 43487
0 83 854.832 43487
0 84 859.608 43487
0 85 863.315 43487
0 86 866.447 43487
0 87 872.492 43487
0 88 876.116 43487
0 89 883.595 43487
0 90 885.723 43487
0 91 889.709 43487
0 92 891.927 43487
0 93 896.451 43487
0 94 901.785 43487
0 95 905.941 43487
0 96 910.362 43487
0 97 913.302 43487
0 98 917.267 43487
0 99 922.739 43487
0 100 925.715 43487
0 101 931.023 43487
0 102 935.063 43487
0 103 939.202 43487
0 104 943.799 43487
0 105 945.808 43487
0 106 949.385 43487
0 107 956.556 43477
0 108 960.963 43477
0 109 966.698 43477
0 110 970.492 43477
0 111 975.566 43477
0 112 978.768 43477
0 113 981.565 43477
0 114 989.999 43477
0 115 992.213 43477
0 116 997.109 43477
0 117 999.59 43477
0 118 1005.06 43477
0 119 1010.06 43477
0 120 1014.67 43477
0 121 1021.55 43477
0 122 1026.32 43477
0 123 1030.8 43477
0 124 1034.06 43477
0 125 1038.88 43477
0 126 1041.49 43477
0 127 1043.9 43477
0 128 1048.65 43477
0 129 1053.53 43477
0 130 1057.51 43477
0 131 1062.1 43477
0 132 1064.58 43477
0 133 1068.3 43477
0 134 1072.18 43477
0 135 1075.92 43477
0 136 1079.69 43477
0 137 1084.61 43477
0 138 1088.06 43477
0 139 1093.13 43477
0 140 1099.14 43477
0 141 1103.42 43477
0 142 1106.35 43477
0 143 1109.14 43477
0 144 1114.04 43477
0 145 1117.04 43477
0 146 1123.41 43477
0 147 1130.53 43477
0 148 1139.6 43477
0 149 1144.4 43477
0 150 1147.99 43477
0 151 1153.28 43477
0 152 1156.54 43477
0 153 1158.82 43477
0 154 1165.43 43477
0 155 1171.17 43477
0 156 1175.87 43477
0 157 1179.03 43477
0 158 1187.02 43434
0 159 1191.54 43434
0 160 1200.11 43434
0 161 1204.28 43434
0 162 1208.02 43434
0 163 1211.98 43434
0 164 1215.13 43434
0 165 1219.5 43434
0 166 1223.23 43434
0 167 1229.17 43398
0 168 1233.68 43398
0 169 1237.85 43398
0 170 1240.33 43398
0 171 1245.64 43398
0 172 1249.32 43398
0 173 1251.35 43398
0 174 1256.09 43398
0 175 1257.81 43398
0 176 1261.47 43398
0 177 1264.1 43398
0 178 1268.53 43398
0 179 1275.94 43398
0 180 1278.68 43398
1 181 1280.32 43398
0 182 1281.71 43398
0 183 1283.45 43398
0 184 1286.51 43398
0 185 1287.8 43398
0 186 1289.32 43398
0 187 1290.61 43398
0 188 1291.89 43398
0 189 1293.17 43398
0 190 1295.18 43398
0 191 1297.09 43398
0 192 1298.45 43398
0 193 1300.17 43398
0 194 1302.65 43398
0 195 1303.92 43398
0 196 1305.3 43398
0 197 1306.59 43398
0 198 1307.88 43398
0 199 1309.17 43398
0 200 1310.7 43398
