ER-001 0 421 0.0009361
ER-002 0 163 0.0018106
ER-003 0 123 0.0022619
ER-004 0 64 0.002279
ER-005 0 126 0.0029925
ER-006 0 86 0.0031641
ER-007 0 46 0.0028426
ER-008 0 71 0.0027341
ER-009 0 44 0.0026073
ER-010 0 352 0.0047676
ER-011 0 265 0.0055129
ER-012 0 176 0.0069961
ER-013 0 140 0.0080922
ER-014 0 96 0.0070012
ER-015 0 98 0.0095996
ER-016 0 81 0.0099972
ER-017 0 76 0.0072503
ER-018 0 58 0.0054326
ER-019 0 413 0.0105144
ER-020 0 239 0.0092711
ER-021 0 123 0.0103625
ER-022 0 110 0.0111531
ER-023 0 103 0.011463
ER-024 0 118 0.0163156
ER-025 0 81 0.0153664
ER-026 0 81 0.0146875
ER-027 0 68 0.0132115
ER-028 0 375 0.0151425
ER-029 0 210 0.0176059
ER-030 0 174 0.019454
ER-031 0 148 0.0206311
ER-032 0 167 0.0260939
ER-033 0 115 0.0173697
ER-034 0 119 0.0257341
ER-035 0 87 0.0214393
ER-036 0 81 0.0207983
ER-037 0 423 0.0210019
ER-038 0 236 0.0254057
ER-039 0 200 0.0251471
ER-040 0 181 0.0282592
ER-041 0 147 0.0291296
ER-042 0 112 0.0285235
ER-043 0 121 0.0327097
ER-044 0 101 0.0215899
ER-045 0 111 0.03908
ER-046 0 416 0.025992
ER-047 0 299 0.0323524
ER-048 0 202 0.0329102
ER-049 0 166 0.0348284
ER-050 0 148 0.0404975
ER-051 0 118 0.0374374
ER-052 0 127 0.0378068
ER-053 0 114 0.0450433
ER-054 0 112 0.0350342
ER-055 0 479 0.0319728
ER-056 0 262 0.0423985
ER-057 0 204 0.0413252
ER-058 0 170 0.0432127
ER-059 0 142 0.0433111
ER-060 0 148 0.0463901
ER-061 0 132 0.0529735
ER-062 0 117 0.0408888
ER-063 0 134 0.0439406
ER-064 0 425 0.0351326
ER-065 0 263 0.0397668
ER-066 0 230 0.048171
ER-067 0 181 0.0558005
ER-068 0 161 0.0518867
ER-069 0 162 0.0589017
ER-070 0 147 0.0629751
ER-071 0 127 0.048028
ER-072 0 128 0.0556835
ER-073 0 465 0.047034
ER-074 0 274 0.046281
ER-075 0 241 0.0557033
ER-076 0 201 0.0630709
ER-077 0 178 0.0609048
ER-078 0 163 0.0476112
ER-079 0 156 0.0572225
ER-080 0 145 0.0613632
ER-081 0 139 0.0652402
ER-082 0 530 0.0517296
ER-083 0 289 0.0564233
ER-084 0 224 0.0520926
ER-085 0 190 0.0617192
ER-086 0 204 0.0718902
ER-087 0 166 0.0807932
ER-088 0 156 0.0657655
ER-089 0 152 0.0706563
ER-090 0 159 0.0771474
ER-091 0 516 0.0657432
ER-092 0 313 0.0596028
ER-093 0 264 0.0707656
ER-094 0 223 0.0729957
ER-095 0 196 0.0848815
ER-096 0 180 0.0739684
ER-097 0 169 0.0818163
ER-098 0 167 0.0873265
ER-099 0 159 0.068151
ER-100 0 577 0.0743713
ER-101 0 356 0.0751991
ER-102 0 246 0.0782673
ER-103 0 228 0.0818402
ER-104 0 222 0.100019
ER-105 0 193 0.0769505
ER-106 0 178 0.0912039
ER-107 0 177 0.0713454
ER-108 0 173 0.0774481
ER-109 0 569 0.0753816
ER-110 0 355 0.0865776
ER-111 0 269 0.0896907
ER-112 0 246 0.10202
ER-113 0 223 0.0830525
ER-114 0 195 0.0926168
ER-115 0 186 0.109761
ER-116 0 178 0.120466
ER-117 0 188 0.0891125
ER-118 0 534 0.0735331
ER-119 0 365 0.0811152
ER-120 0 284 0.106644
ER-121 0 257 0.114566
ER-122 0 230 0.0927285
ER-123 0 210 0.112352
ER-124 0 194 0.125799
ER-125 0 210 0.133966
ER-126 0 184 0.143008
ER-127 0 593 0.0921589
ER-128 0 392 0.108267
ER-129 0 291 0.114053
ER-130 0 250 0.123423
ER-131 0 220 0.109329
ER-132 0 228 0.122561
ER-133 0 212 0.0915059
ER-134 0 204 0.101809
ER-135 0 192 0.11182
ER-136 0 568 0.0905354
ER-137 0 373 0.110728
ER-138 0 319 0.130712
ER-139 0 275 0.134851
ER-140 0 246 0.119865
ER-141 0 241 0.136561
ER-142 0 221 0.102655
ER-143 0 211 0.113248
ER-144 0 197 0.141415
ER-145 0 574 0.100973
ER-146 0 387 0.131982
ER-147 0 312 0.129463
ER-148 0 280 0.115647
ER-149 0 267 0.133049
ER-150 0 244 0.144484
ER-151 0 214 0.113354
ER-152 0 233 0.143962
ER-153 0 210 0.15473
ER-154 0 584 0.0946979
ER-155 0 413 0.12933
ER-156 0 313 0.136703
ER-157 0 304 0.126339
ER-158 0 281 0.14375
ER-159 0 254 0.110391
ER-160 0 236 0.143302
ER-161 0 227 0.155556
ER-162 0 222 0.170128
ER-163 0 631 0.124758
ER-164 0 404 0.152825
ER-165 0 354 0.155119
ER-166 0 298 0.138748
ER-167 0 280 0.15611
ER-168 0 271 0.19041
ER-169 0 239 0.15448
ER-170 0 244 0.168401
ER-171 0 224 0.189771
ER-172 0 586 0.13186
ER-173 0 419 0.129714
ER-174 0 342 0.16301
ER-175 0 311 0.195679
ER-176 0 305 0.168498
ER-177 0 271 0.149672
ER-178 0 255 0.166586
ER-179 0 238 0.182555
ER-180 0 230 0.200265
alue2087 0 1129 0.0214651
alue2105 0 1072 0.0425054
alue3146 0 2387 0.259776
alue5067 0 2784 0.122625
alue5345 0 3692 0.290197
alue5623 0 3599 0.215888
alue5901 0 4155 1.09864
alue6179 0 2560 0.140242
alue6457 0 3208 0.176686
alue6735 0 2835 0.142579
alue6951 0 2556 0.083099
alue7065 0 25522 6.04888
alue7066 0 2311 0.854906
alue7080 0 65548 8.07581
alue7229 0 824 0.0269733
alut0787 0 1027 0.0504625
alut0805 0 991 0.0205133
alut1181 0 2476 0.139993
alut2010 0 3512 0.298862
alut2288 0 4090 0.574013
alut2566 0 3259 0.270046
alut2610 0 13164 6.27989
alut2625 0 37855 7.11763
alut2764 0 662 0.0042442
antiwheel5 0 8 4.78e-05
b01 0 94 0.000325
b02 0 84 0.0003702
b03 0 144 0.0003657
b04 0 61 0.0004334
b05 0 61 0.0003858
b06 0 127 0.0004361
b07 0 112 0.0005618
b08 0 108 0.000531
b09 0 223 0.0006369
b10 0 96 0.0007358
b11 0 93 0.0006604
b12 0 174 0.0007574
b13 0 178 0.0007748
b14 0 244 0.0008754
b15 0 320 0.0009591
b16 0 138 0.0012742
b17 0 134 0.0009925
b18 0 224 0.0010203
berlin52 0 1069 0.0173987
brasil58 0 13812 0.0297461
c01 0 -1 3600
c02 0 144 0.0046446
c03 0 778 0.007172
c04 0 1119 0.0070337
c05 0 1605 0.0083485
c06 0 74 0.0037359
c07 0 114 0.0052376
c08 0 537 0.0073848
c09 0 733 0.0076004
c10 0 1119 0.0091759
c11 0 33 0.0070232
c12 0 47 0.0078009
c13 0 275 0.0088538
c14 0 343 0.0077241
c15 0 574 0.0098864
c16 0 13 0.0159431
c17 0 17 0.0107626
c18 0 132 0.0109579
c19 0 163 0.0087448
c20 0 269 0.0108635
d01 0 132 0.0165828
d02 0 237 0.012687
d03 0 1623 0.017917
d04 0 2011 0.0193979
d05 0 3301 0.0252834
d06 0 89 0.0117404
d07 0 105 0.0091247
d08 0 1153 0.0184178
d09 0 1550 0.0220177
d10 0 2163 0.0268664
d11 0 29 0.0140784
d12 0 42 0.0092429
d13 0 540 0.0195834
d14 0 706 0.0243264
d15 0 1155 0.0283724
d16 0 19 0.0263465
d17 0 24 0.0366435
d18 0 262 0.0281542
d19 0 354 0.029205
d20 0 545 0.0333846
design432 0 9 2.08e-05
diw0234 0 2185 0.615937
diw0250 0 358 0.0062039
diw0260 0 476 0.0189092
diw0313 0 397 0.0069618
diw0393 0 320 0.0021926
diw0445 0 1451 0.098744
diw0459 0 1377 0.355259
diw0460 0 433 0.0038483
diw0473 0 1163 0.184246
diw0487 0 1484 0.259289
diw0495 0 645 0.0433391
diw0513 0 649 0.0397858
diw0523 0 561 0.0783997
diw0540 0 354 0.0035744
diw0559 0 1618 0.388377
diw0778 0 2288 0.723915
diw0779 0 4750 1.34591
diw0795 0 1682 0.244619
diw0801 0 1604 0.224087
diw0819 0 3661 1.29673
diw0820 0 4574 1.31353
e01 0 127 0.036943
e02 0 255 0.0493332
e03 0 4235 0.0806841
e04 0 5308 0.0921426
e05 0 8312 0.132407
e06 0 89 0.0291304
e07 0 172 0.0464785
e08 0 2806 0.0775416
e09 0 3800 0.0932207
e10 0 5752 0.134736
e11 0 45 0.049151
e12 0 71 0.0538494
e13 0 1373 0.100345
e14 0 1822 0.100297
e15 0 2877 0.142015
e16 0 20 0.0632593
e17 0 28 0.0656558
e18 0 670 0.0965334
e19 0 825 0.110487
e20 0 1364 0.151708
es1000fst01 0 243556248 2.79601
es1000fst02 0 238025822 2.38827
es1000fst03 0 238045871 2.59729
es1000fst04 0 242338522 2.6527
es1000fst05 0 239843791 2.44235
es1000fst06 0 241963167 2.64322
es1000fst07 0 241920799 2.32744
es1000fst08 0 242602724 2.71999
es1000fst09 0 240767377 2.73466
es1000fst10 0 240406999 2.18021
es1000fst11 0 242022963 2.63323
es1000fst12 0 245567118 3.0789
es1000fst13 0 238640572 2.16256
es1000fst14 0 247232204 2.74762
es1000fst15 0 241816833 2.56609
es100fst01 0 76481804 0.0230332
es100fst02 0 80500024 0.0409707
es100fst03 0 74705671 0.0119998
es100fst04 0 76545232 0.0116936
es100fst05 0 76910594 0.0119258
es100fst06 0 78192091 0.0322463
es100fst07 0 82414876 0.0266918
es100fst08 0 73818929 0.014888
es100fst09 0 81830467 0.0219039
es100fst10 0 77763756 0.0182198
es100fst11 0 81041624 0.0282602
es100fst12 0 79065073 0.0256569
es100fst13 0 77925800 0.0231492
es100fst14 0 81083619 0.0128853
es100fst15 0 73224009 0.0241542
es10fst01 0 23019690 0.0001794
es10fst02 0 19134104 0.0001064
es10fst03 0 26496603 0.0001596
es10fst04 0 20506769 0.0001692
es10fst05 0 18818916 9e-05
es10fst06 0 27723706 0.0001719
es10fst07 0 26025072 0.0001015
es10fst08 0 26473744 0.0002329
es10fst09 0 22083210 0.0002416
es10fst10 0 24399851 0.0001829
es10fst11 0 22239535 0.0001171
es10fst12 0 18323756 9.85e-05
es10fst13 0 19839905 0.0001741
es10fst14 0 21298376 0.0002974
es10fst15 0 19045863 0.0001346
es20fst01 0 32079858 0.0003396
es20fst02 0 31710535 0.0003379
es20fst03 0 27847417 0.0003299
es20fst04 0 27996270 0.0013617
es20fst05 0 37617332 0.0012147
es20fst06 0 35756604 0.0003342
es20fst07 0 35072963 0.0008777
es20fst08 0 41710278 0.0011621
es20fst09 0 33807538 0.0005391
es20fst10 0 35709689 0.0009669
es20fst11 0 27293919 0.0004804
es20fst12 0 30451397 0.0004584
es20fst13 0 34596753 0.0005082
es20fst14 0 35002121 0.0005729
es20fst15 0 32428792 0.0005422
es250fst01 0 120509475 0.12886
es250fst02 0 118781580 0.0963167
es250fst03 0 118810667 0.0978796
es250fst04 0 122779602 0.125676
es250fst05 0 122677421 0.119076
es250fst06 0 121526137 0.118948
es250fst07 0 120156981 0.113609
es250fst08 0 123265473 0.147335
es250fst09 0 121573108 0.106673
es250fst10 0 123008711 0.146211
es250fst11 0 118655221 0.147383
es250fst12 0 123722617 0.133219
es250fst13 0 121511381 0.161748
es250fst14 0 123249264 0.177534
es250fst15 0 121401764 0.175456
es30fst01 0 43123440 0.0024341
es30fst02 0 42415310 0.0019462
es30fst03 0 46080827 0.0026704
es30fst04 0 45561026 0.002706
es30fst05 0 43077519 0.0013686
es30fst06 0 41981860 0.0027338
es30fst07 0 45505389 0.0011205
es30fst08 0 42878389 0.0019224
es30fst09 0 37133658 0.0006942
es30fst10 0 42957764 0.0008695
es30fst11 0 42907901 0.0024399
es30fst12 0 38656612 0.0007897
es30fst13 0 37971183 0.0016854
es30fst14 0 43947319 0.0009711
es30fst15 0 43652972 0.0057152
es40fst01 0 46120931 0.0033559
es40fst02 0 48881524 0.0025189
es40fst03 0 52243910 0.002815
es40fst04 0 45289864 0.0010486
es40fst05 0 55181364 0.0056768
es40fst06 0 51349851 0.0036301
es40fst07 0 45577912 0.0021859
es40fst08 0 50101308 0.0038434
es40fst09 0 54277270 0.0045383
es40fst10 0 59927525 0.004371
es40fst11 0 48570528 0.0034979
es40fst12 0 44226140 0.0016566
es40fst13 0 52266271 0.002329
es40fst14 0 51073950 0.0035928
es40fst15 0 54396299 0.0034684
es500fst01 0 168813110 0.521598
es500fst02 0 169333697 0.654936
es500fst03 0 171999809 0.601082
es500fst04 0 171756644 0.56703
es500fst05 0 167352801 0.449001
es500fst06 0 173593605 0.605562
es500fst07 0 167100073 0.478956
es500fst08 0 168494546 0.603599
es500fst09 0 168890431 0.55489
es500fst10 0 164521827 0.477267
es500fst11 0 169175270 0.532863
es500fst12 0 171538338 0.577549
es500fst13 0 169141525 0.536785
es500fst14 0 174634734 0.750277
es500fst15 0 168772971 0.590127
es50fst01 0 57053661 0.005069
es50fst02 0 57521826 0.006051
es50fst03 0 57342668 0.0066562
es50fst04 0 53149554 0.0040424
es50fst05 0 56356490 0.0039789
es50fst06 0 57491452 0.0061302
es50fst07 0 52647174 0.0078655
es50fst08 0 53888473 0.0023486
es50fst09 0 55851775 0.0072986
es50fst10 0 56712921 0.007555
es50fst11 0 55619704 0.0037053
es50fst12 0 56014122 0.0045266
es50fst13 0 56842463 0.0031367
es50fst14 0 57479469 0.0052595
es50fst15 0 54565756 0.0045812
es60fst01 0 56320529 0.0054364
es60fst02 0 57788570 0.0128117
es60fst03 0 59196075 0.0048106
es60fst04 0 58516345 0.0098745
es60fst05 0 57049793 0.0048989
es60fst06 0 62341481 0.0059749
es60fst07 0 62759260 0.0134892
es60fst08 0 60565300 0.0041501
es60fst09 0 56658523 0.0083306
es60fst10 0 60280039 0.006597
es60fst11 0 56906834 0.0050971
es60fst12 0 65143762 0.0112193
es60fst13 0 63705295 0.009254
es60fst14 0 58430615 0.0049578
es60fst15 0 59380178 0.0050115
es70fst01 0 63593748 0.0084183
es70fst02 0 62963852 0.0076048
es70fst03 0 65157451 0.0122095
es70fst04 0 65544668 0.0100004
es70fst05 0 63843777 0.0098889
es70fst06 0 66346489 0.0128562
es70fst07 0 63837498 0.0101196
es70fst08 0 66325975 0.0167309
es70fst09 0 65171842 0.0092734
es70fst10 0 65283603 0.0095454
es70fst11 0 68354039 0.0116146
es70fst12 0 64024483 0.0071122
es70fst13 0 66152042 0.0089527
es70fst14 0 62172455 0.0072574
es70fst15 0 66035209 0.0113306
es80fst01 0 74076210 0.0124726
es80fst02 0 69767500 0.0115743
es80fst03 0 65599952 0.0123816
es80fst04 0 65494287 0.0144162
es80fst05 0 69383071 0.0102894
es80fst06 0 73423117 0.0103032
es80fst07 0 71239114 0.013498
es80fst08 0 71747740 0.0170091
es80fst09 0 73929683 0.0206759
es80fst10 0 67314062 0.0086541
es80fst11 0 69710433 0.0151587
es80fst12 0 66406404 0.0073986
es80fst13 0 69702135 0.0091415
es80fst14 0 73581362 0.015451
es80fst15 0 72772351 0.0142805
es90fst01 0 69439757 0.0110141
es90fst02 0 74773668 0.0213585
es90fst03 0 78146464 0.0303697
es90fst04 0 73866672 0.0166465
es90fst05 0 73885202 0.012192
es90fst06 0 71049026 0.0187598
es90fst07 0 74055528 0.0100218
es90fst08 0 75250632 0.0195607
es90fst09 0 71153570 0.0191251
es90fst10 0 77058226 0.0224547
es90fst11 0 76048357 0.019139
es90fst12 0 71907368 0.0151185
es90fst13 0 76564468 0.0243612
es90fst14 0 70828190 0.0116371
es90fst15 0 75339621 0.0149703
i080-001 0 1786 0.000798
i080-002 0 1799 0.0003734
i080-003 0 1807 0.0007739
i080-004 0 2173 0.0007369
i080-005 0 1994 0.0010153
i080-011 0 1585 0.0014916
i080-012 0 1481 0.0022585
i080-013 0 1487 0.0015904
i080-014 0 1688 0.0014632
i080-015 0 1300 0.0014513
i080-021 0 1471 0.0050409
i080-022 0 1477 0.0026254
i080-023 0 1471 0.0050802
i080-024 0 1473 0.0038377
i080-025 0 1483 0.003907
i080-031 0 1864 0.0008674
i080-032 0 2357 0.0021302
i080-033 0 2297 0.0012239
i080-034 0 1805 0.0007329
i080-035 0 1692 0.001115
i080-041 0 1305 0.0020822
i080-042 0 1674 0.0023524
i080-043 0 1689 0.0028508
i080-044 0 1676 0.0026437
i080-045 0 1751 0.0020976
i080-101 0 2815 0.0013344
i080-102 0 2689 0.0009582
i080-103 0 2773 0.0010125
i080-104 0 2882 0.0013501
i080-105 0 2203 0.0007359
i080-111 0 2659 0.0029209
i080-112 0 2750 0.0018558
i080-113 0 1879 0.0016274
i080-114 0 2393 0.0015974
i080-115 0 2560 0.0013338
i080-121 0 2054 0.0051747
i080-122 0 2060 0.0038619
i080-123 0 2061 0.0038641
i080-124 0 2032 0.0038524
i080-125 0 2061 0.0050615
i080-131 0 2467 0.0012073
i080-132 0 2578 0.0010989
i080-133 0 2686 0.0013865
i080-134 0 2400 0.001267
i080-135 0 1975 0.001096
i080-141 0 2163 0.0018632
i080-142 0 2438 0.0033734
i080-143 0 2346 0.002355
i080-144 0 2372 0.0035747
i080-145 0 2063 0.0021205
i080-201 0 5154 0.0014921
i080-202 0 4555 0.0011617
i080-203 0 5493 0.0010828
i080-204 0 5365 0.0011534
i080-205 0 5154 0.0011663
i080-211 0 4466 0.0026937
i080-212 0 4616 0.0021964
i080-213 0 4680 0.00226
i080-214 0 4581 0.0026053
i080-215 0 4631 0.001923
i080-221 0 4386 0.0087886
i080-222 0 4360 0.01126
i080-223 0 4387 0.009982
i080-224 0 4374 0.0075824
i080-225 0 4070 0.0063567
i080-231 0 6050 0.0012402
i080-232 0 5270 0.0014004
i080-233 0 5037 0.0012593
i080-234 0 4747 0.0013058
i080-235 0 4945 0.0012779
i080-241 0 4463 0.0018628
i080-242 0 4272 0.004109
i080-243 0 4548 0.0036386
i080-244 0 4501 0.0043764
i080-245 0 4161 0.0016058
i080-301 0 6136 0.0012535
i080-302 0 6445 0.0013987
i080-303 0 6874 0.0013662
i080-304 0 6374 0.0014121
i080-305 0 7254 0.0013887
i080-311 0 5853 0.0024519
i080-312 0 5848 0.0019103
i080-313 0 5977 0.0027379
i080-314 0 5626 0.003293
i080-315 0 5933 0.0029472
i080-321 0 5527 0.0100908
i080-322 0 5506 0.0087904
i080-323 0 5233 0.0087252
i080-324 0 5517 0.0112382
i080-325 0 5534 0.0112478
i080-331 0 6350 0.001852
i080-332 0 6587 0.0015384
i080-333 0 7104 0.001576
i080-334 0 6472 0.0018589
i080-335 0 6203 0.001923
i080-341 0 5728 0.0042843
i080-342 0 5322 0.0026296
i080-343 0 5641 0.0026251
i080-344 0 5682 0.0026394
i080-345 0 5697 0.0036735
i160-001 0 2683 0.0027363
i160-002 0 2565 0.0029488
i160-003 0 2702 0.0019836
i160-004 0 2402 0.0024408
i160-005 0 2700 0.003086
i160-011 0 2169 0.0063233
i160-012 0 2223 0.0080237
i160-013 0 1869 0.0065841
i160-014 0 2424 0.0077696
i160-015 0 1869 0.0062403
i160-021 0 1380 0.07097
i160-022 0 1414 0.0793941
i160-023 0 1383 0.0807236
i160-024 0 1435 0.0771625
i160-025 0 1399 0.0766038
i160-031 0 1971 0.0029303
i160-032 0 2770 0.0049157
i160-033 0 2771 0.0031718
i160-034 0 2478 0.0026569
i160-035 0 2280 0.0032901
i160-041 0 1932 0.0200032
i160-042 0 1656 0.021442
i160-043 0 1758 0.0223595
i160-044 0 1846 0.028469
i160-045 0 1846 0.0212593
i160-101 0 4554 0.0025451
i160-102 0 4366 0.0034974
i160-103 0 4067 0.0026318
i160-104 0 4166 0.0020766
i160-105 0 4279 0.0030143
i160-111 0 3562 0.0065411
i160-112 0 4098 0.0044836
i160-113 0 3816 0.0050816
i160-114 0 3831 0.0047455
i160-115 0 3523 0.0053982
i160-121 0 3210 0.0298797
i160-122 0 3204 0.0294068
i160-123 0 2622 0.0265315
i160-124 0 3240 0.019964
i160-125 0 2926 0.0246096
i160-131 0 4263 0.0032552
i160-132 0 3867 0.0032269
i160-133 0 4674 0.0025078
i160-134 0 4060 0.0034789
i160-135 0 4410 0.0035518
i160-141 0 3265 0.007296
i160-142 0 2979 0.0073179
i160-143 0 3221 0.0155444
i160-144 0 3313 0.0164969
i160-145 0 3398 0.0134876
i160-201 0 7746 0.0030103
i160-202 0 8871 0.0035522
i160-203 0 7909 0.0037886
i160-204 0 8558 0.0037402
i160-205 0 8363 0.0028261
i160-211 0 7088 0.006044
i160-212 0 7471 0.0071634
i160-213 0 7192 0.0069351
i160-214 0 7886 0.0073396
i160-215 0 6985 0.0057187
i160-221 0 6675 0.0389818
i160-222 0 6674 0.0437239
i160-223 0 6686 0.0344446
i160-224 0 6702 0.0392004
i160-225 0 6651 0.0391008
i160-231 0 7530 0.0038008
i160-232 0 8295 0.0035411
i160-233 0 8413 0.0035424
i160-234 0 8090 0.0055554
i160-235 0 8602 0.0036502
i160-241 0 6824 0.0114145
i160-242 0 6814 0.0114426
i160-243 0 6813 0.0105051
i160-244 0 6781 0.0094431
i160-245 0 6809 0.0114151
i160-301 0 13410 0.0038118
i160-302 0 12626 0.0038594
i160-303 0 13306 0.004113
i160-304 0 13429 0.0033675
i160-305 0 13069 0.0035285
i160-311 0 12063 0.0096104
i160-312 0 11443 0.0062253
i160-313 0 11719 0.0062961
i160-314 0 11891 0.0092582
i160-315 0 11758 0.006744
i160-321 0 11284 0.0433927
i160-322 0 11293 0.0434766
i160-323 0 11293 0.0435284
i160-324 0 11307 0.0435625
i160-325 0 11289 0.0341013
i160-331 0 12403 0.0042837
i160-332 0 12947 0.0044756
i160-333 0 12708 0.0043451
i160-334 0 12284 0.0039737
i160-335 0 12852 0.0046027
i160-341 0 11424 0.0115737
i160-342 0 11460 0.0104853
i160-343 0 11487 0.0104738
i160-344 0 11464 0.0145296
i160-345 0 11440 0.0105561
i320-001 0 2991 0.0061885
i320-002 0 3076 0.0075489
i320-003 0 2450 0.0047704
i320-004 0 3318 0.0047907
i320-005 0 3500 0.006786
i320-011 0 2759 0.012512
i320-012 0 2547 0.0138456
i320-013 0 2193 0.0124625
i320-014 0 2572 0.0105144
i320-015 0 2769 0.0125849
i320-021 0 2045 0.118395
i320-022 0 2059 0.0792818
i320-023 0 1775 0.119855
i320-024 0 2047 0.07965
i320-025 0 2046 0.0991999
i320-031 0 3280 0.0082631
i320-032 0 3291 0.0069748
i320-033 0 3211 0.0118786
i320-034 0 3311 0.0117265
i320-035 0 2669 0.0067454
i320-041 0 2268 0.0448393
i320-042 0 2258 0.044738
i320-043 0 1865 0.03658
i320-044 0 2080 0.0207876
i320-045 0 2329 0.0327368
i320-101 0 6556 0.0090483
i320-102 0 6086 0.0101055
i320-103 0 7659 0.0102901
i320-104 0 6459 0.0093681
i320-105 0 7096 0.0095312
i320-111 0 5794 0.0200872
i320-112 0 4923 0.0240127
i320-113 0 5181 0.0207875
i320-114 0 4877 0.0250399
i320-115 0 5269 0.0207054
i320-121 0 3416 0.346128
i320-122 0 3386 0.316521
i320-123 0 3409 0.376736
i320-124 0 3378 0.40918
i320-125 0 3366 0.397751
i320-131 0 6637 0.0086995
i320-132 0 6717 0.008506
i320-133 0 6117 0.0113047
i320-134 0 6518 0.0123697
i320-135 0 7411 0.0108006
i320-141 0 4352 0.127323
i320-142 0 4241 0.123193
i320-143 0 4247 0.103812
i320-144 0 4160 0.115734
i320-145 0 4075 0.114388
i320-201 0 12167 0.0072364
i320-202 0 12956 0.0111865
i320-203 0 12126 0.007278
i320-204 0 12276 0.010334
i320-205 0 12695 0.0095957
i320-211 0 11382 0.0193908
i320-212 0 10384 0.0232715
i320-213 0 10284 0.020585
i320-214 0 10554 0.0181131
i320-215 0 10529 0.0203302
i320-221 0 9545 0.175137
i320-222 0 9553 0.175079
i320-223 0 9549 0.118048
i320-224 0 9549 0.214612
i320-225 0 9564 0.118738
i320-231 0 11416 0.0103828
i320-232 0 12450 0.0138061
i320-233 0 12713 0.0151201
i320-234 0 11551 0.0092258
i320-235 0 12327 0.0102581
i320-241 0 9386 0.040856
i320-242 0 9731 0.0489117
i320-243 0 9672 0.0446365
i320-244 0 9712 0.0492108
i320-245 0 9415 0.0327581
i320-301 0 26861 0.0088116
i320-302 0 27434 0.0093864
i320-303 0 26495 0.0086428
i320-304 0 26674 0.0103015
i320-305 0 27083 0.0103201
i320-311 0 24032 0.0195986
i320-312 0 23721 0.0182138
i320-313 0 23584 0.0212633
i320-314 0 23831 0.0216458
i320-315 0 23721 0.0200626
i320-321 0 22733 0.175761
i320-322 0 22429 0.194284
i320-323 0 22763 0.176563
i320-324 0 22788 0.197139
i320-325 0 22756 0.19962
i320-331 0 26133 0.0132265
i320-332 0 26019 0.0126058
i320-333 0 26191 0.0122629
i320-334 0 26473 0.0122845
i320-335 0 26468 0.0128348
i320-341 0 23050 0.0568172
i320-342 0 23061 0.0452396
i320-343 0 23018 0.0451843
i320-344 0 22779 0.0462859
i320-345 0 23127 0.0410631
i640-001 0 5470 0.0371406
i640-002 0 4770 0.0303021
i640-003 0 4336 0.0226012
i640-004 0 5150 0.0263448
i640-005 0 5430 0.0259198
i640-011 0 3421 0.0608538
i640-012 0 3016 0.050736
i640-013 0 2439 0.0557224
i640-014 0 3133 0.0364538
i640-015 0 2854 0.0593485
i640-021 0 1781 1.93158
i640-022 0 1795 1.49569
i640-023 0 1792 1.53666
i640-024 0 1802 1.50489
i640-025 0 1784 1.54006
i640-031 0 4561 0.0350737
i640-032 0 4232 0.0284962
i640-033 0 3455 0.0311514
i640-034 0 2890 0.0159935
i640-035 0 4492 0.0237959
i640-041 0 1935 0.399725
i640-042 0 2404 0.494539
i640-043 0 2135 0.463706
i640-044 0 2330 0.480322
i640-045 0 2312 0.462417
i640-101 0 11019 0.0236222
i640-102 0 10602 0.0239752
i640-103 0 9918 0.0249958
i640-104 0 10173 0.0252202
i640-105 0 11995 0.0244337
i640-111 0 7762 0.0653387
i640-112 0 7804 0.0649949
i640-113 0 7785 0.0631608
i640-114 0 7762 0.0689621
i640-115 0 7830 0.0767941
i640-121 0 5020 1.69436
i640-122 0 5023 1.82276
i640-123 0 4993 1.61468
i640-124 0 5034 1.46415
i640-125 0 4984 1.55794
i640-131 0 9865 0.0294864
i640-132 0 9164 0.0314877
i640-133 0 10149 0.0343551
i640-134 0 9209 0.0270361
i640-135 0 9202 0.0301573
i640-141 0 6340 0.517994
i640-142 0 6439 0.524758
i640-143 0 6225 0.623763
i640-144 0 6012 0.592518
i640-145 0 6341 0.571568
i640-201 0 18645 0.0286827
i640-202 0 19220 0.0284702
i640-203 0 19382 0.0272316
i640-204 0 19391 0.0285858
i640-205 0 19511 0.0266889
i640-211 0 16348 0.0558392
i640-212 0 16259 0.0547033
i640-213 0 16776 0.0522947
i640-214 0 16064 0.056366
i640-215 0 15942 0.0547535
i640-221 0 14149 0.703256
i640-222 0 14144 0.704189
i640-223 0 14143 0.707436
i640-224 0 14159 0.860804
i640-225 0 13561 0.627774
i640-231 0 18820 0.0301173
i640-232 0 17988 0.0294269
i640-233 0 17697 0.0304563
i640-234 0 19226 0.0359373
i640-235 0 18245 0.0251117
i640-241 0 14320 0.163334
i640-242 0 14336 0.163906
i640-243 0 14364 0.147053
i640-244 0 14335 0.228481
i640-245 0 14352 0.182327
i640-301 0 52577 0.0274928
i640-302 0 52758 0.0266835
i640-303 0 53554 0.0295275
i640-304 0 55098 0.0240646
i640-305 0 54599 0.0270282
i640-311 0 47774 0.0565329
i640-312 0 47826 0.0526923
i640-313 0 48167 0.062809
i640-314 0 47403 0.0546194
i640-315 0 47468 0.0554874
i640-321 0 45563 0.856361
i640-322 0 45597 0.860087
i640-323 0 45563 0.781025
i640-324 0 45607 0.792599
i640-325 0 45321 0.707602
i640-331 0 52797 0.0306888
i640-332 0 52377 0.0279504
i640-333 0 52735 0.0308435
i640-334 0 54330 0.0311765
i640-335 0 53709 0.0316261
i640-341 0 46117 0.147893
i640-342 0 46123 0.163796
i640-343 0 46086 0.198856
i640-344 0 46052 0.181814
i640-345 0 46168 0.197814
lin01 0 503 0.0006679
lin02 0 557 0.0008877
lin03 0 752 0.0010973
lin04 0 1267 0.0068368
lin05 0 1816 0.0071425
lin06 0 1352 0.0060901
lin07 0 1529 0.0226678
lin08 0 2304 0.0242896
lin09 0 2411 0.0201294
lin10 0 4400 0.0232055
lin11 0 4335 0.126601
lin12 0 5356 0.134075
lin13 0 4812 0.106312
lin14 0 6163 0.131003
lin15 0 7314 0.111309
lin16 0 6806 0.499963
lin17 0 9470 0.480356
lin18 0 11392 0.419419
lin19 0 13723 0.427379
lin20 0 7498 1.57669
lin21 0 9654 1.13479
lin22 0 10753 0.96993
lin23 0 18435 0.946264
lin24 0 16673 5.02424
lin25 0 19053 3.51725
lin26 0 23665 3.59237
lin27 0 22498 3.51967
lin28 0 34805 2.6484
lin29 0 25631 14.5938
lin30 0 31731 14.3828
lin31 0 34700 13.2979
lin32 0 42897 11.3684
lin33 0 59826 9.73294
lin34 0 49718 45.6229
lin35 0 54492 43.9544
lin36 0 61515 35.3641
lin37 0 107705 28.5887
mc11 0 11929 0.0215463
mc13 0 104 0.00139
mc2 0 80 0.0012248
mc3 0 49 0.0031307
mc7 0 3533 0.0098512
mc8 0 1623 0.0081246
oddcycle3 0 4 3.18e-05
oddwheel3 0 5 2.78e-05
p401 0 208 0.0533956
p402 0 149 0.040361
p403 0 254 0.0512311
p404 0 270 0.0518887
p405 0 289 0.069091
p406 0 290 0.0444617
p407 0 623 0.0609797
p408 0 555 0.0576022
p409 0 999 0.0530846
p410 0 1028 0.0571475
p455 0 1360 0.102418
p456 0 1270 0.0874655
p457 0 1642 0.120349
p458 0 1597 0.0908333
p459 0 2348 0.118145
p460 0 3010 0.132729
p461 0 4491 0.118342
p463 0 1544 0.70162
p464 0 2574 0.712608
p465 0 3880 0.585478
p466 0 6253 0.538455
p602 0 8947 0.0036649
p603 0 5180 0.0033445
p604 0 10719 0.0032725
p605 0 11618 0.003649
p606 0 13048 0.0046157
p607 0 15391 0.0039398
p608 0 14474 0.0042185
p609 0 18972 0.004081
p610 0 30788 0.0053557
p611 0 27257 0.0051384
p612 0 30353 0.0051473
p613 0 11503 0.0152486
p614 0 28524 0.0161223
p615 0 43507 0.0186577
p616 0 64240 0.0196172
p619 0 7485 0.0029806
p620 0 5214 0.0035704
p621 0 8791 0.0034739
p622 0 17020 0.0033101
p623 0 21228 0.0031923
p624 0 20699 0.0024118
p625 0 24280 0.0028419
p626 0 23506 0.0027482
p627 0 40748 0.0021467
p628 0 40478 0.0022825
p629 0 43698 0.0021898
p630 0 26761 0.0127201
p631 0 41516 0.0116333
p632 0 58356 0.0101814
p633 0 86602 0.0073786
se03 0 12 3.16e-05
w13c29 0 741 0.0180825
w23c23 0 1035 0.0296308
w3c571 0 3423 0.753792
world666 0 123139 33.6069
wrp3-11 0 1100411 0.0055759
wrp3-12 0 1900155 0.0004366
wrp3-13 0 1300646 0.0196482
wrp3-14 0 2600074 0.0006049
wrp3-15 0 1500510 0.0077214
wrp3-16 0 2600192 0.0016276
wrp3-17 0 1700457 0.0092956
wrp3-19 0 1900629 0.0096403
wrp3-20 0 3500245 0.0020707
wrp3-21 0 2100670 0.014953
wrp3-22 0 3400472 0.002238
wrp3-23 0 2300248 0.0048784
wrp3-24 0 4300465 0.0018188
wrp3-25 0 2500713 0.0153984
wrp3-26 0 3900430 0.0044362
wrp3-27 0 2700761 0.0220973
wrp3-28 0 4100338 0.0033
wrp3-29 0 2900579 0.0114459
wrp3-30 0 5300450 0.0062061
wrp3-31 0 3100797 0.023474
wrp3-33 0 3300789 0.0218063
wrp3-34 0 6100508 0.0224969
wrp3-36 0 6100501 0.0054527
wrp3-37 0 3700823 0.102516
wrp3-38 0 6300473 0.0082855
wrp3-39 0 3900837 0.0645439
wrp3-41 0 4100566 0.0069528
wrp3-42 0 7000377 0.0104764
wrp3-43 0 4300484 0.0084855
wrp3-45 0 4501718 0.189125
wrp3-48 0 7300487 0.0147117
wrp3-49 0 4901843 0.139039
wrp3-50 0 8000558 0.019582
wrp3-52 0 8400667 0.0098757
wrp3-53 0 5301664 0.103401
wrp3-55 0 5501390 0.137235
wrp3-56 0 9500759 0.0155812
wrp3-60 0 11600427 0.0087802
wrp3-62 0 10500596 0.0078156
wrp3-64 0 10000802 0.0366494
wrp3-66 0 11300781 0.0744094
wrp3-67 0 6701180 0.0969014
wrp3-69 0 6901354 0.103985
wrp3-70 0 11200657 0.0296136
wrp3-71 0 7102046 0.198566
wrp3-73 0 7302145 0.199065
wrp3-74 0 11300653 0.0143708
wrp3-75 0 7502015 0.1383
wrp3-76 0 11800834 0.0402192
wrp3-78 0 12700810 0.0584775
wrp3-79 0 7900772 0.0516724
wrp3-80 0 12500673 0.0275636
wrp3-83 0 8301963 0.351035
wrp3-84 0 12300838 0.0591328
wrp3-85 0 8501042 0.0369557
wrp3-86 0 140000597 0.0219926
wrp3-88 0 149000531 0.0097777
wrp3-91 0 91002153 0.187788
wrp3-92 0 139000596 0.0295505
wrp3-94 0 151000907 0.0461783
wrp3-95 0 -1 3600
wrp3-96 0 147000927 0.0616711
wrp3-98 0 158000812 0.05216
wrp3-99 0 99002534 0.277222
wrp4-11 0 1100303 0.0049075
wrp4-13 0 1300999 0.0046584
wrp4-14 0 2200221 0.0012118
wrp4-15 0 1500631 0.0118033
wrp4-16 0 2301224 0.0081937
wrp4-17 0 1700751 0.0129737
wrp4-18 0 3201421 0.0026839
wrp4-19 0 1901549 0.0042166
wrp4-21 0 2104501 0.0749778
wrp4-22 0 3500287 0.0023771
wrp4-23 0 2300646 0.0160603
wrp4-24 0 4503485 0.0125394
wrp4-25 0 2501005 0.0433001
wrp4-26 0 4600343 0.0037547
wrp4-27 0 2700705 0.0118269
wrp4-28 0 4600318 0.0021861
wrp4-29 0 2900711 0.014812
wrp4-30 0 5100377 0.0032202
wrp4-31 0 3100795 0.0238127
wrp4-32 0 5600369 0.002652
wrp4-33 0 3300952 0.0223983
wrp4-34 0 4900454 0.0032026
wrp4-35 0 3501084 0.0337037
wrp4-36 0 5500397 0.003285
wrp4-37 0 3701057 0.0510127
wrp4-38 0 5500490 0.0027889
wrp4-39 0 3905619 0.169936
wrp4-40 0 6400554 0.0069059
wrp4-41 0 4101022 0.035713
wrp4-42 0 6500551 0.0061355
wrp4-43 0 4302737 0.0873722
wrp4-44 0 6501307 0.0049119
wrp4-45 0 4501083 0.0337143
wrp4-46 0 6800650 0.0079941
wrp4-47 0 4702256 0.0944987
wrp4-48 0 9202234 0.0102444
wrp4-49 0 4904009 0.0772113
wrp4-50 0 7901362 0.0085998
wrp4-51 0 5103326 0.132004
wrp4-52 0 6600952 0.0071377
wrp4-53 0 5302832 0.0906916
wrp4-54 0 8101345 0.0131401
wrp4-55 0 5503150 0.0932125
wrp4-56 0 9301977 0.0189115
wrp4-58 0 8801210 0.0140749
wrp4-59 0 5902488 0.1629
wrp4-60 0 8701593 0.0119161
wrp4-61 0 6103348 0.165458
wrp4-62 0 10301849 0.024066
wrp4-63 0 6302831 0.150904
wrp4-64 0 9001812 0.0095395
wrp4-66 0 10102711 0.0135021
wrp4-67 0 6705349 0.446201
wrp4-68 0 9801542 0.0231218
wrp4-69 0 6903701 0.0844236
wrp4-70 0 10102755 0.0090278
wrp4-71 0 7103447 0.161628
wrp4-72 0 11402494 0.0263114
wrp4-73 0 7305140 0.653388
wrp4-74 0 10501830 0.0141945
wrp4-75 0 7503131 0.175409
wrp4-76 0 10901723 0.0120385
